d,uh,u
0,0.166667,0.166667
5e-05,0.166667,0.166667
0.0001,0.166667,0.166667
0.00015,0.166667,0.166667
0.0002,0.166667,0.166667
0.00025,0.166667,0.166667
0.0003,0.166667,0.166667
0.00035,0.166667,0.166667
0.0004,0.166667,0.166667
0.00045,0.166667,0.166667
0.0005,0.166667,0.166667
0.00055,0.166667,0.166667
0.0006,0.166667,0.166667
0.00065,0.166667,0.166667
0.0007,0.166667,0.166667
0.00075,0.166667,0.166667
0.0008,0.166667,0.166667
0.00085,0.166667,0.166667
0.0009,0.166667,0.166667
0.00095,0.166667,0.166667
0.001,0.166667,0.166667
0.00105,0.166667,0.166667
0.0011,0.166667,0.166667
0.00115,0.166667,0.166667
0.0012,0.166667,0.166667
0.00125,0.166667,0.166667
0.0013,0.166667,0.166667
0.00135,0.166667,0.166667
0.0014,0.166667,0.166667
0.00145,0.166667,0.166667
0.0015,0.166667,0.166667
0.00155,0.166667,0.166667
0.0016,0.166667,0.166667
0.00165,0.166667,0.166667
0.0017,0.166667,0.166667
0.00175,0.166667,0.166667
0.0018,0.166667,0.166667
0.00185,0.166667,0.166667
0.0019,0.166667,0.166667
0.00195,0.166667,0.166667
0.002,0.166667,0.166667
0.00205,0.166667,0.166667
0.0021,0.166667,0.166667
0.00215,0.166667,0.166667
0.0022,0.166667,0.166667
0.00225,0.166667,0.166667
0.0023,0.166667,0.166667
0.00235,0.166667,0.166667
0.0024,0.166667,0.166667
0.00245,0.166667,0.166667
0.0025,0.166667,0.166667
0.00255,0.166667,0.166667
0.0026,0.166667,0.166667
0.00265,0.166667,0.166667
0.0027,0.166667,0.166667
0.00275,0.166667,0.166667
0.0028,0.166667,0.166667
0.00285,0.166667,0.166667
0.0029,0.166667,0.166667
0.00295,0.166667,0.166667
0.003,0.166667,0.166667
0.00305,0.166667,0.166667
0.0031,0.166667,0.166667
0.00315,0.166667,0.166667
0.0032,0.166667,0.166667
0.00325,0.166667,0.166667
0.0033,0.166667,0.166667
0.00335,0.166667,0.166667
0.0034,0.166667,0.166667
0.00345,0.166667,0.166667
0.0035,0.166667,0.166667
0.00355,0.166667,0.166667
0.0036,0.166667,0.166667
0.00365,0.166667,0.166667
0.0037,0.166667,0.166667
0.00375,0.166667,0.166667
0.0038,0.166667,0.166667
0.00385,0.166667,0.166667
0.0039,0.166667,0.166667
0.00395,0.166667,0.166667
0.004,0.166667,0.166667
0.00405,0.166667,0.166667
0.0041,0.166667,0.166667
0.00415,0.166667,0.166667
0.0042,0.166667,0.166667
0.00425,0.166667,0.166667
0.0043,0.166667,0.166667
0.00435,0.166667,0.166667
0.0044,0.166667,0.166667
0.00445,0.166667,0.166667
0.0045,0.166667,0.166667
0.00455,0.166667,0.166667
0.0046,0.166667,0.166667
0.00465,0.166667,0.166667
0.0047,0.166667,0.166667
0.00475,0.166667,0.166667
0.0048,0.166667,0.166667
0.00485,0.166667,0.166667
0.0049,0.166667,0.166667
0.00495,0.166667,0.166667
0.005,0.166667,0.166667
0.00505,0.166667,0.166667
0.0051,0.166667,0.166667
0.00515,0.166667,0.166667
0.0052,0.166667,0.166667
0.00525,0.166667,0.166667
0.0053,0.166667,0.166667
0.00535,0.166667,0.166667
0.0054,0.166667,0.166667
0.00545,0.166667,0.166667
0.0055,0.166667,0.166667
0.00555,0.166667,0.166667
0.0056,0.166667,0.166667
0.00565,0.166667,0.166667
0.0057,0.166667,0.166667
0.00575,0.166667,0.166667
0.0058,0.166667,0.166667
0.00585,0.166667,0.166667
0.0059,0.166667,0.166667
0.00595,0.166667,0.166667
0.006,0.166667,0.166667
0.00605,0.166667,0.166667
0.0061,0.166667,0.166667
0.00615,0.166667,0.166667
0.0062,0.166667,0.166667
0.00625,0.166667,0.166667
0.0063,0.166667,0.166667
0.00635,0.166667,0.166667
0.0064,0.166667,0.166667
0.00645,0.166667,0.166667
0.0065,0.166667,0.166667
0.00655,0.166667,0.166667
0.0066,0.166667,0.166667
0.00665,0.166667,0.166667
0.0067,0.166667,0.166667
0.00675,0.166667,0.166667
0.0068,0.166667,0.166667
0.00685,0.166667,0.166667
0.0069,0.166667,0.166667
0.00695,0.166667,0.166667
0.007,0.166667,0.166667
0.00705,0.166667,0.166667
0.0071,0.166667,0.166667
0.00715,0.166667,0.166667
0.0072,0.166667,0.166667
0.00725,0.166667,0.166667
0.0073,0.166667,0.166667
0.00735,0.166667,0.166667
0.0074,0.166667,0.166667
0.00745,0.166667,0.166667
0.0075,0.166667,0.166667
0.00755,0.166667,0.166667
0.0076,0.166667,0.166667
0.00765,0.166667,0.166667
0.0077,0.166667,0.166667
0.00775,0.166667,0.166667
0.0078,0.166667,0.166667
0.00785,0.166667,0.166667
0.0079,0.166667,0.166667
0.00795,0.166667,0.166667
0.008,0.166667,0.166667
0.00805,0.166667,0.166667
0.0081,0.166667,0.166667
0.00815,0.166667,0.166667
0.0082,0.166667,0.166667
0.00825,0.166667,0.166667
0.0083,0.166667,0.166667
0.00835,0.166667,0.166667
0.0084,0.166667,0.166667
0.00845,0.166667,0.166667
0.0085,0.166667,0.166667
0.00855,0.166667,0.166667
0.0086,0.166667,0.166667
0.00865,0.166667,0.166667
0.0087,0.166667,0.166667
0.00875,0.166667,0.166667
0.0088,0.166667,0.166667
0.00885,0.166667,0.166667
0.0089,0.166667,0.166667
0.00895,0.166667,0.166667
0.009,0.166667,0.166667
0.00905,0.166667,0.166667
0.0091,0.166667,0.166667
0.00915,0.166667,0.166667
0.0092,0.166667,0.166667
0.00925,0.166667,0.166667
0.0093,0.166667,0.166667
0.00935,0.166667,0.166667
0.0094,0.166667,0.166667
0.00945,0.166667,0.166667
0.0095,0.166667,0.166667
0.00955,0.166667,0.166667
0.0096,0.166667,0.166667
0.00965,0.166667,0.166667
0.0097,0.166667,0.166667
0.00975,0.166667,0.166667
0.0098,0.166667,0.166667
0.00985,0.166667,0.166667
0.0099,0.166667,0.166667
0.00995,0.166667,0.166667
0.01,0.166666,0.166666
0.01005,0.166666,0.166666
0.0101,0.166666,0.166666
0.01015,0.166666,0.166666
0.0102,0.166666,0.166666
0.01025,0.166666,0.166666
0.0103,0.166666,0.166666
0.01035,0.166666,0.166666
0.0104,0.166666,0.166666
0.01045,0.166666,0.166666
0.0105,0.166666,0.166666
0.01055,0.166666,0.166666
0.0106,0.166666,0.166666
0.01065,0.166666,0.166666
0.0107,0.166666,0.166666
0.01075,0.166666,0.166666
0.0108,0.166666,0.166666
0.01085,0.166666,0.166666
0.0109,0.166666,0.166666
0.01095,0.166666,0.166666
0.011,0.166666,0.166666
0.01105,0.166666,0.166666
0.0111,0.166666,0.166666
0.01115,0.166666,0.166666
0.0112,0.166666,0.166666
0.01125,0.166666,0.166666
0.0113,0.166666,0.166666
0.01135,0.166666,0.166666
0.0114,0.166666,0.166666
0.01145,0.166666,0.166666
0.0115,0.166666,0.166666
0.01155,0.166666,0.166666
0.0116,0.166666,0.166666
0.01165,0.166666,0.166666
0.0117,0.166666,0.166666
0.01175,0.166666,0.166666
0.0118,0.166666,0.166666
0.01185,0.166666,0.166666
0.0119,0.166666,0.166666
0.01195,0.166666,0.166666
0.012,0.166666,0.166666
0.01205,0.166666,0.166666
0.0121,0.166666,0.166666
0.01215,0.166666,0.166666
0.0122,0.166666,0.166666
0.01225,0.166666,0.166666
0.0123,0.166666,0.166666
0.01235,0.166666,0.166666
0.0124,0.166666,0.166666
0.01245,0.166666,0.166666
0.0125,0.166666,0.166666
0.01255,0.166666,0.166666
0.0126,0.166666,0.166666
0.01265,0.166666,0.166666
0.0127,0.166666,0.166666
0.01275,0.166666,0.166666
0.0128,0.166666,0.166666
0.01285,0.166666,0.166666
0.0129,0.166666,0.166666
0.01295,0.166666,0.166666
0.013,0.166666,0.166666
0.01305,0.166666,0.166666
0.0131,0.166666,0.166666
0.01315,0.166666,0.166666
0.0132,0.166666,0.166666
0.01325,0.166666,0.166666
0.0133,0.166666,0.166666
0.01335,0.166666,0.166666
0.0134,0.166666,0.166666
0.01345,0.166666,0.166666
0.0135,0.166666,0.166666
0.01355,0.166666,0.166666
0.0136,0.166666,0.166666
0.01365,0.166666,0.166666
0.0137,0.166666,0.166666
0.01375,0.166666,0.166666
0.0138,0.166666,0.166666
0.01385,0.166666,0.166666
0.0139,0.166666,0.166666
0.01395,0.166666,0.166666
0.014,0.166666,0.166666
0.01405,0.166666,0.166666
0.0141,0.166666,0.166666
0.01415,0.166666,0.166666
0.0142,0.166666,0.166666
0.01425,0.166666,0.166666
0.0143,0.166666,0.166666
0.01435,0.166666,0.166666
0.0144,0.166666,0.166666
0.01445,0.166666,0.166666
0.0145,0.166666,0.166666
0.01455,0.166666,0.166666
0.0146,0.166666,0.166666
0.01465,0.166666,0.166666
0.0147,0.166666,0.166666
0.01475,0.166666,0.166666
0.0148,0.166666,0.166666
0.01485,0.166666,0.166666
0.0149,0.166666,0.166666
0.01495,0.166666,0.166666
0.015,0.166666,0.166666
0.01505,0.166666,0.166666
0.0151,0.166666,0.166666
0.01515,0.166666,0.166666
0.0152,0.166666,0.166666
0.01525,0.166666,0.166666
0.0153,0.166666,0.166666
0.01535,0.166666,0.166666
0.0154,0.166666,0.166666
0.01545,0.166666,0.166666
0.0155,0.166666,0.166666
0.01555,0.166666,0.166666
0.0156,0.166666,0.166666
0.01565,0.166666,0.166666
0.0157,0.166666,0.166666
0.01575,0.166666,0.166666
0.0158,0.166666,0.166666
0.01585,0.166666,0.166666
0.0159,0.166666,0.166666
0.01595,0.166666,0.166666
0.016,0.166666,0.166666
0.01605,0.166666,0.166666
0.0161,0.166666,0.166666
0.01615,0.166666,0.166666
0.0162,0.166666,0.166666
0.01625,0.166666,0.166666
0.0163,0.166666,0.166666
0.01635,0.166666,0.166666
0.0164,0.166666,0.166666
0.01645,0.166666,0.166666
0.0165,0.166666,0.166666
0.01655,0.166666,0.166666
0.0166,0.166666,0.166666
0.01665,0.166666,0.166666
0.0167,0.166666,0.166666
0.01675,0.166666,0.166666
0.0168,0.166666,0.166666
0.01685,0.166666,0.166666
0.0169,0.166666,0.166666
0.01695,0.166666,0.166666
0.017,0.166666,0.166666
0.01705,0.166666,0.166666
0.0171,0.166666,0.166666
0.01715,0.166666,0.166666
0.0172,0.166666,0.166666
0.01725,0.166666,0.166666
0.0173,0.166666,0.166666
0.01735,0.166666,0.166666
0.0174,0.166666,0.166666
0.01745,0.166666,0.166666
0.0175,0.166666,0.166666
0.01755,0.166666,0.166666
0.0176,0.166666,0.166666
0.01765,0.166666,0.166666
0.0177,0.166666,0.166666
0.01775,0.166666,0.166666
0.0178,0.166666,0.166666
0.01785,0.166666,0.166666
0.0179,0.166666,0.166666
0.01795,0.166666,0.166666
0.018,0.166666,0.166666
0.01805,0.166666,0.166666
0.0181,0.166666,0.166666
0.01815,0.166666,0.166666
0.0182,0.166666,0.166666
0.01825,0.166666,0.166666
0.0183,0.166666,0.166666
0.01835,0.166666,0.166666
0.0184,0.166666,0.166666
0.01845,0.166666,0.166666
0.0185,0.166666,0.166666
0.01855,0.166666,0.166666
0.0186,0.166666,0.166666
0.01865,0.166666,0.166666
0.0187,0.166666,0.166666
0.01875,0.166666,0.166666
0.0188,0.166666,0.166666
0.01885,0.166666,0.166666
0.0189,0.166666,0.166666
0.01895,0.166666,0.166666
0.019,0.166666,0.166666
0.01905,0.166666,0.166666
0.0191,0.166666,0.166666
0.01915,0.166665,0.166665
0.0192,0.166665,0.166665
0.01925,0.166665,0.166665
0.0193,0.166665,0.166665
0.01935,0.166665,0.166665
0.0194,0.166665,0.166665
0.01945,0.166665,0.166665
0.0195,0.166665,0.166665
0.01955,0.166665,0.166665
0.0196,0.166665,0.166665
0.01965,0.166665,0.166665
0.0197,0.166665,0.166665
0.01975,0.166665,0.166665
0.0198,0.166665,0.166665
0.01985,0.166665,0.166665
0.0199,0.166665,0.166665
0.01995,0.166665,0.166665
0.02,0.166665,0.166665
0.02005,0.166665,0.166665
0.0201,0.166665,0.166665
0.02015,0.166665,0.166665
0.0202,0.166665,0.166665
0.02025,0.166665,0.166665
0.0203,0.166665,0.166665
0.02035,0.166665,0.166665
0.0204,0.166665,0.166665
0.02045,0.166665,0.166665
0.0205,0.166665,0.166665
0.02055,0.166665,0.166665
0.0206,0.166665,0.166665
0.02065,0.166665,0.166665
0.0207,0.166665,0.166665
0.02075,0.166665,0.166665
0.0208,0.166665,0.166665
0.02085,0.166665,0.166665
0.0209,0.166665,0.166665
0.02095,0.166665,0.166665
0.021,0.166665,0.166665
0.02105,0.166665,0.166665
0.0211,0.166665,0.166665
0.02115,0.166665,0.166665
0.0212,0.166665,0.166665
0.02125,0.166665,0.166665
0.0213,0.166665,0.166665
0.02135,0.166665,0.166665
0.0214,0.166665,0.166665
0.02145,0.166665,0.166665
0.0215,0.166665,0.166665
0.02155,0.166665,0.166665
0.0216,0.166665,0.166665
0.02165,0.166665,0.166665
0.0217,0.166665,0.166665
0.02175,0.166665,0.166665
0.0218,0.166665,0.166665
0.02185,0.166665,0.166665
0.0219,0.166665,0.166665
0.02195,0.166665,0.166665
0.022,0.166665,0.166665
0.02205,0.166665,0.166665
0.0221,0.166665,0.166665
0.02215,0.166665,0.166665
0.0222,0.166665,0.166665
0.02225,0.166665,0.166665
0.0223,0.166665,0.166665
0.02235,0.166665,0.166665
0.0224,0.166665,0.166665
0.02245,0.166665,0.166665
0.0225,0.166665,0.166665
0.02255,0.166665,0.166665
0.0226,0.166665,0.166665
0.02265,0.166665,0.166665
0.0227,0.166665,0.166665
0.02275,0.166665,0.166665
0.0228,0.166665,0.166665
0.02285,0.166665,0.166665
0.0229,0.166665,0.166665
0.02295,0.166665,0.166665
0.023,0.166665,0.166665
0.02305,0.166665,0.166665
0.0231,0.166665,0.166665
0.02315,0.166665,0.166665
0.0232,0.166665,0.166665
0.02325,0.166665,0.166665
0.0233,0.166665,0.166665
0.02335,0.166665,0.166665
0.0234,0.166665,0.166665
0.02345,0.166665,0.166665
0.0235,0.166665,0.166665
0.02355,0.166664,0.166664
0.0236,0.166664,0.166664
0.02365,0.166664,0.166664
0.0237,0.166664,0.166664
0.02375,0.166664,0.166664
0.0238,0.166664,0.166664
0.02385,0.166664,0.166664
0.0239,0.166664,0.166664
0.02395,0.166664,0.166664
0.024,0.166664,0.166664
0.02405,0.166664,0.166664
0.0241,0.166664,0.166664
0.02415,0.166664,0.166664
0.0242,0.166664,0.166664
0.02425,0.166664,0.166664
0.0243,0.166664,0.166664
0.02435,0.166664,0.166664
0.0244,0.166664,0.166664
0.02445,0.166664,0.166664
0.0245,0.166664,0.166664
0.02455,0.166664,0.166664
0.0246,0.166664,0.166664
0.02465,0.166664,0.166664
0.0247,0.166664,0.166664
0.02475,0.166664,0.166664
0.0248,0.166664,0.166664
0.02485,0.166664,0.166664
0.0249,0.166664,0.166664
0.02495,0.166664,0.166664
0.025,0.166664,0.166664
0.02505,0.166664,0.166664
0.0251,0.166664,0.166664
0.02515,0.166664,0.166664
0.0252,0.166664,0.166664
0.02525,0.166664,0.166664
0.0253,0.166664,0.166664
0.02535,0.166664,0.166664
0.0254,0.166664,0.166664
0.02545,0.166664,0.166664
0.0255,0.166664,0.166664
0.02555,0.166664,0.166664
0.0256,0.166664,0.166664
0.02565,0.166664,0.166664
0.0257,0.166664,0.166664
0.02575,0.166664,0.166664
0.0258,0.166664,0.166664
0.02585,0.166664,0.166664
0.0259,0.166664,0.166664
0.02595,0.166664,0.166664
0.026,0.166664,0.166664
0.02605,0.166664,0.166664
0.0261,0.166664,0.166664
0.02615,0.166664,0.166664
0.0262,0.166664,0.166664
0.02625,0.166664,0.166664
0.0263,0.166664,0.166664
0.02635,0.166664,0.166664
0.0264,0.166664,0.166664
0.02645,0.166664,0.166664
0.0265,0.166664,0.166664
0.02655,0.166664,0.166664
0.0266,0.166664,0.166664
0.02665,0.166664,0.166664
0.0267,0.166663,0.166663
0.02675,0.166663,0.166663
0.0268,0.166663,0.166663
0.02685,0.166663,0.166663
0.0269,0.166663,0.166663
0.02695,0.166663,0.166663
0.027,0.166663,0.166663
0.02705,0.166663,0.166663
0.0271,0.166663,0.166663
0.02715,0.166663,0.166663
0.0272,0.166663,0.166663
0.02725,0.166663,0.166663
0.0273,0.166663,0.166663
0.02735,0.166663,0.166663
0.0274,0.166663,0.166663
0.02745,0.166663,0.166663
0.0275,0.166663,0.166663
0.02755,0.166663,0.166663
0.0276,0.166663,0.166663
0.02765,0.166663,0.166663
0.0277,0.166663,0.166663
0.02775,0.166663,0.166663
0.0278,0.166663,0.166663
0.02785,0.166663,0.166663
0.0279,0.166663,0.166663
0.02795,0.166663,0.166663
0.028,0.166663,0.166663
0.02805,0.166663,0.166663
0.0281,0.166663,0.166663
0.02815,0.166663,0.166663
0.0282,0.166663,0.166663
0.02825,0.166663,0.166663
0.0283,0.166663,0.166663
0.02835,0.166663,0.166663
0.0284,0.166663,0.166663
0.02845,0.166663,0.166663
0.0285,0.166663,0.166663
0.02855,0.166663,0.166663
0.0286,0.166663,0.166663
0.02865,0.166663,0.166663
0.0287,0.166663,0.166663
0.02875,0.166663,0.166663
0.0288,0.166663,0.166663
0.02885,0.166663,0.166663
0.0289,0.166663,0.166663
0.02895,0.166663,0.166663
0.029,0.166663,0.166663
0.02905,0.166663,0.166663
0.0291,0.166663,0.166663
0.02915,0.166663,0.166663
0.0292,0.166663,0.166663
0.02925,0.166662,0.166662
0.0293,0.166662,0.166662
0.02935,0.166662,0.166662
0.0294,0.166662,0.166662
0.02945,0.166662,0.166662
0.0295,0.166662,0.166662
0.02955,0.166662,0.166662
0.0296,0.166662,0.166662
0.02965,0.166662,0.166662
0.0297,0.166662,0.166662
0.02975,0.166662,0.166662
0.0298,0.166662,0.166662
0.02985,0.166662,0.166662
0.0299,0.166662,0.166662
0.02995,0.166662,0.166662
0.03,0.166662,0.166662
0.03005,0.166662,0.166662
0.0301,0.166662,0.166662
0.03015,0.166662,0.166662
0.0302,0.166662,0.166662
0.03025,0.166662,0.166662
0.0303,0.166662,0.166662
0.03035,0.166662,0.166662
0.0304,0.166662,0.166662
0.03045,0.166662,0.166662
0.0305,0.166662,0.166662
0.03055,0.166662,0.166662
0.0306,0.166662,0.166662
0.03065,0.166662,0.166662
0.0307,0.166662,0.166662
0.03075,0.166662,0.166662
0.0308,0.166662,0.166662
0.03085,0.166662,0.166662
0.0309,0.166662,0.166662
0.03095,0.166662,0.166662
0.031,0.166662,0.166662
0.03105,0.166662,0.166662
0.0311,0.166662,0.166662
0.03115,0.166662,0.166662
0.0312,0.166662,0.166662
0.03125,0.166662,0.166662
0.0313,0.166662,0.166662
0.03135,0.166662,0.166662
0.0314,0.166662,0.166662
0.03145,0.166661,0.166661
0.0315,0.166661,0.166661
0.03155,0.166661,0.166661
0.0316,0.166661,0.166661
0.03165,0.166661,0.166661
0.0317,0.166661,0.166661
0.03175,0.166661,0.166661
0.0318,0.166661,0.166661
0.03185,0.166661,0.166661
0.0319,0.166661,0.166661
0.03195,0.166661,0.166661
0.032,0.166661,0.166661
0.03205,0.166661,0.166661
0.0321,0.166661,0.166661
0.03215,0.166661,0.166661
0.0322,0.166661,0.166661
0.03225,0.166661,0.166661
0.0323,0.166661,0.166661
0.03235,0.166661,0.166661
0.0324,0.166661,0.166661
0.03245,0.166661,0.166661
0.0325,0.166661,0.166661
0.03255,0.166661,0.166661
0.0326,0.166661,0.166661
0.03265,0.166661,0.166661
0.0327,0.166661,0.166661
0.03275,0.166661,0.166661
0.0328,0.166661,0.166661
0.03285,0.166661,0.166661
0.0329,0.166661,0.166661
0.03295,0.166661,0.166661
0.033,0.166661,0.166661
0.03305,0.166661,0.166661
0.0331,0.166661,0.166661
0.03315,0.166661,0.166661
0.0332,0.166661,0.166661
0.03325,0.166661,0.166661
0.0333,0.166661,0.166661
0.03335,0.16666,0.16666
0.0334,0.16666,0.16666
0.03345,0.16666,0.16666
0.0335,0.16666,0.16666
0.03355,0.16666,0.16666
0.0336,0.16666,0.16666
0.03365,0.16666,0.16666
0.0337,0.16666,0.16666
0.03375,0.16666,0.16666
0.0338,0.16666,0.16666
0.03385,0.16666,0.16666
0.0339,0.16666,0.16666
0.03395,0.16666,0.16666
0.034,0.16666,0.16666
0.03405,0.16666,0.16666
0.0341,0.16666,0.16666
0.03415,0.16666,0.16666
0.0342,0.16666,0.16666
0.03425,0.16666,0.16666
0.0343,0.16666,0.16666
0.03435,0.16666,0.16666
0.0344,0.16666,0.16666
0.03445,0.16666,0.16666
0.0345,0.16666,0.16666
0.03455,0.16666,0.16666
0.0346,0.16666,0.16666
0.03465,0.16666,0.16666
0.0347,0.16666,0.16666
0.03475,0.16666,0.16666
0.0348,0.16666,0.16666
0.03485,0.16666,0.16666
0.0349,0.16666,0.16666
0.03495,0.16666,0.16666
0.035,0.16666,0.16666
0.03505,0.166659,0.166659
0.0351,0.166659,0.166659
0.03515,0.166659,0.166659
0.0352,0.166659,0.166659
0.03525,0.166659,0.166659
0.0353,0.166659,0.166659
0.03535,0.166659,0.166659
0.0354,0.166659,0.166659
0.03545,0.166659,0.166659
0.0355,0.166659,0.166659
0.03555,0.166659,0.166659
0.0356,0.166659,0.166659
0.03565,0.166659,0.166659
0.0357,0.166659,0.166659
0.03575,0.166659,0.166659
0.0358,0.166659,0.166659
0.03585,0.166659,0.166659
0.0359,0.166659,0.166659
0.03595,0.166659,0.166659
0.036,0.166659,0.166659
0.03605,0.166659,0.166659
0.0361,0.166659,0.166659
0.03615,0.166659,0.166659
0.0362,0.166659,0.166659
0.03625,0.166659,0.166659
0.0363,0.166659,0.166659
0.03635,0.166659,0.166659
0.0364,0.166659,0.166659
0.03645,0.166659,0.166659
0.0365,0.166659,0.166659
0.03655,0.166659,0.166659
0.0366,0.166658,0.166658
0.03665,0.166658,0.166658
0.0367,0.166658,0.166658
0.03675,0.166658,0.166658
0.0368,0.166658,0.166658
0.03685,0.166658,0.166658
0.0369,0.166658,0.166658
0.03695,0.166658,0.166658
0.037,0.166658,0.166658
0.03705,0.166658,0.166658
0.0371,0.166658,0.166658
0.03715,0.166658,0.166658
0.0372,0.166658,0.166658
0.03725,0.166658,0.166658
0.0373,0.166658,0.166658
0.03735,0.166658,0.166658
0.0374,0.166658,0.166658
0.03745,0.166658,0.166658
0.0375,0.166658,0.166658
0.03755,0.166658,0.166658
0.0376,0.166658,0.166658
0.03765,0.166658,0.166658
0.0377,0.166658,0.166658
0.03775,0.166658,0.166658
0.0378,0.166658,0.166658
0.03785,0.166658,0.166658
0.0379,0.166658,0.166658
0.03795,0.166658,0.166658
0.038,0.166658,0.166658
0.03805,0.166657,0.166657
0.0381,0.166657,0.166657
0.03815,0.166657,0.166657
0.0382,0.166657,0.166657
0.03825,0.166657,0.166657
0.0383,0.166657,0.166657
0.03835,0.166657,0.166657
0.0384,0.166657,0.166657
0.03845,0.166657,0.166657
0.0385,0.166657,0.166657
0.03855,0.166657,0.166657
0.0386,0.166657,0.166657
0.03865,0.166657,0.166657
0.0387,0.166657,0.166657
0.03875,0.166657,0.166657
0.0388,0.166657,0.166657
0.03885,0.166657,0.166657
0.0389,0.166657,0.166657
0.03895,0.166657,0.166657
0.039,0.166657,0.166657
0.03905,0.166657,0.166657
0.0391,0.166657,0.166657
0.03915,0.166657,0.166657
0.0392,0.166657,0.166657
0.03925,0.166657,0.166657
0.0393,0.166657,0.166657
0.03935,0.166657,0.166657
0.0394,0.166656,0.166656
0.03945,0.166656,0.166656
0.0395,0.166656,0.166656
0.03955,0.166656,0.166656
0.0396,0.166656,0.166656
0.03965,0.166656,0.166656
0.0397,0.166656,0.166656
0.03975,0.166656,0.166656
0.0398,0.166656,0.166656
0.03985,0.166656,0.166656
0.0399,0.166656,0.166656
0.03995,0.166656,0.166656
0.04,0.166656,0.166656
0.04005,0.166656,0.166656
0.0401,0.166656,0.166656
0.04015,0.166656,0.166656
0.0402,0.166656,0.166656
0.04025,0.166656,0.166656
0.0403,0.166656,0.166656
0.04035,0.166656,0.166656
0.0404,0.166656,0.166656
0.04045,0.166656,0.166656
0.0405,0.166656,0.166656
0.04055,0.166656,0.166656
0.0406,0.166656,0.166656
0.04065,0.166655,0.166655
0.0407,0.166655,0.166655
0.04075,0.166655,0.166655
0.0408,0.166655,0.166655
0.04085,0.166655,0.166655
0.0409,0.166655,0.166655
0.04095,0.166655,0.166655
0.041,0.166655,0.166655
0.04105,0.166655,0.166655
0.0411,0.166655,0.166655
0.04115,0.166655,0.166655
0.0412,0.166655,0.166655
0.04125,0.166655,0.166655
0.0413,0.166655,0.166655
0.04135,0.166655,0.166655
0.0414,0.166655,0.166655
0.04145,0.166655,0.166655
0.0415,0.166655,0.166655
0.04155,0.166655,0.166655
0.0416,0.166655,0.166655
0.04165,0.166655,0.166655
0.0417,0.166655,0.166655
0.04175,0.166655,0.166655
0.0418,0.166654,0.166654
0.04185,0.166654,0.166654
0.0419,0.166654,0.166654
0.04195,0.166654,0.166654
0.042,0.166654,0.166654
0.04205,0.166654,0.166654
0.0421,0.166654,0.166654
0.04215,0.166654,0.166654
0.0422,0.166654,0.166654
0.04225,0.166654,0.166654
0.0423,0.166654,0.166654
0.04235,0.166654,0.166654
0.0424,0.166654,0.166654
0.04245,0.166654,0.166654
0.0425,0.166654,0.166654
0.04255,0.166654,0.166654
0.0426,0.166654,0.166654
0.04265,0.166654,0.166654
0.0427,0.166654,0.166654
0.04275,0.166654,0.166654
0.0428,0.166654,0.166654
0.04285,0.166654,0.166654
0.0429,0.166654,0.166654
0.04295,0.166653,0.166653
0.043,0.166653,0.166653
0.04305,0.166653,0.166653
0.0431,0.166653,0.166653
0.04315,0.166653,0.166653
0.0432,0.166653,0.166653
0.04325,0.166653,0.166653
0.0433,0.166653,0.166653
0.04335,0.166653,0.166653
0.0434,0.166653,0.166653
0.04345,0.166653,0.166653
0.0435,0.166653,0.166653
0.04355,0.166653,0.166653
0.0436,0.166653,0.166653
0.04365,0.166653,0.166653
0.0437,0.166653,0.166653
0.04375,0.166653,0.166653
0.0438,0.166653,0.166653
0.04385,0.166653,0.166653
0.0439,0.166653,0.166653
0.04395,0.166653,0.166653
0.044,0.166652,0.166652
0.04405,0.166652,0.166652
0.0441,0.166652,0.166652
0.04415,0.166652,0.166652
0.0442,0.166652,0.166652
0.04425,0.166652,0.166652
0.0443,0.166652,0.166652
0.04435,0.166652,0.166652
0.0444,0.166652,0.166652
0.04445,0.166652,0.166652
0.0445,0.166652,0.166652
0.04455,0.166652,0.166652
0.0446,0.166652,0.166652
0.04465,0.166652,0.166652
0.0447,0.166652,0.166652
0.04475,0.166652,0.166652
0.0448,0.166652,0.166652
0.04485,0.166652,0.166652
0.0449,0.166652,0.166652
0.04495,0.166652,0.166652
0.045,0.166651,0.166651
0.04505,0.166651,0.166651
0.0451,0.166651,0.166651
0.04515,0.166651,0.166651
0.0452,0.166651,0.166651
0.04525,0.166651,0.166651
0.0453,0.166651,0.166651
0.04535,0.166651,0.166651
0.0454,0.166651,0.166651
0.04545,0.166651,0.166651
0.0455,0.166651,0.166651
0.04555,0.166651,0.166651
0.0456,0.166651,0.166651
0.04565,0.166651,0.166651
0.0457,0.166651,0.166651
0.04575,0.166651,0.166651
0.0458,0.166651,0.166651
0.04585,0.166651,0.166651
0.0459,0.166651,0.166651
0.04595,0.16665,0.16665
0.046,0.16665,0.16665
0.04605,0.16665,0.16665
0.0461,0.16665,0.16665
0.04615,0.16665,0.16665
0.0462,0.16665,0.16665
0.04625,0.16665,0.16665
0.0463,0.16665,0.16665
0.04635,0.16665,0.16665
0.0464,0.16665,0.16665
0.04645,0.16665,0.16665
0.0465,0.16665,0.16665
0.04655,0.16665,0.16665
0.0466,0.16665,0.16665
0.04665,0.16665,0.16665
0.0467,0.16665,0.16665
0.04675,0.16665,0.16665
0.0468,0.16665,0.16665
0.04685,0.16665,0.16665
0.0469,0.166649,0.166649
0.04695,0.166649,0.166649
0.047,0.166649,0.166649
0.04705,0.166649,0.166649
0.0471,0.166649,0.166649
0.04715,0.166649,0.166649
0.0472,0.166649,0.166649
0.04725,0.166649,0.166649
0.0473,0.166649,0.166649
0.04735,0.166649,0.166649
0.0474,0.166649,0.166649
0.04745,0.166649,0.166649
0.0475,0.166649,0.166649
0.04755,0.166649,0.166649
0.0476,0.166649,0.166649
0.04765,0.166649,0.166649
0.0477,0.166649,0.166649
0.04775,0.166649,0.166649
0.0478,0.166648,0.166648
0.04785,0.166648,0.166648
0.0479,0.166648,0.166648
0.04795,0.166648,0.166648
0.048,0.166648,0.166648
0.04805,0.166648,0.166648
0.0481,0.166648,0.166648
0.04815,0.166648,0.166648
0.0482,0.166648,0.166648
0.04825,0.166648,0.166648
0.0483,0.166648,0.166648
0.04835,0.166648,0.166648
0.0484,0.166648,0.166648
0.04845,0.166648,0.166648
0.0485,0.166648,0.166648
0.04855,0.166648,0.166648
0.0486,0.166648,0.166648
0.04865,0.166647,0.166647
0.0487,0.166647,0.166647
0.04875,0.166647,0.166647
0.0488,0.166647,0.166647
0.04885,0.166647,0.166647
0.0489,0.166647,0.166647
0.04895,0.166647,0.166647
0.049,0.166647,0.166647
0.04905,0.166647,0.166647
0.0491,0.166647,0.166647
0.04915,0.166647,0.166647
0.0492,0.166647,0.166647
0.04925,0.166647,0.166647
0.0493,0.166647,0.166647
0.04935,0.166647,0.166647
0.0494,0.166647,0.166647
0.04945,0.166647,0.166647
0.0495,0.166646,0.166646
0.04955,0.166646,0.166646
0.0496,0.166646,0.166646
0.04965,0.166646,0.166646
0.0497,0.166646,0.166646
0.04975,0.166646,0.166646
0.0498,0.166646,0.166646
0.04985,0.166646,0.166646
0.0499,0.166646,0.166646
0.04995,0.166646,0.166646
0.05,0.166646,0.166646
0.05005,0.166646,0.166646
0.0501,0.166646,0.166646
0.05015,0.166646,0.166646
0.0502,0.166646,0.166646
0.05025,0.166646,0.166646
0.0503,0.166645,0.166645
0.05035,0.166645,0.166645
0.0504,0.166645,0.166645
0.05045,0.166645,0.166645
0.0505,0.166645,0.166645
0.05055,0.166645,0.166645
0.0506,0.166645,0.166645
0.05065,0.166645,0.166645
0.0507,0.166645,0.166645
0.05075,0.166645,0.166645
0.0508,0.166645,0.166645
0.05085,0.166645,0.166645
0.0509,0.166645,0.166645
0.05095,0.166645,0.166645
0.051,0.166645,0.166645
0.05105,0.166644,0.166644
0.0511,0.166644,0.166644
0.05115,0.166644,0.166644
0.0512,0.166644,0.166644
0.05125,0.166644,0.166644
0.0513,0.166644,0.166644
0.05135,0.166644,0.166644
0.0514,0.166644,0.166644
0.05145,0.166644,0.166644
0.0515,0.166644,0.166644
0.05155,0.166644,0.166644
0.0516,0.166644,0.166644
0.05165,0.166644,0.166644
0.0517,0.166644,0.166644
0.05175,0.166644,0.166644
0.0518,0.166644,0.166644
0.05185,0.166643,0.166643
0.0519,0.166643,0.166643
0.05195,0.166643,0.166643
0.052,0.166643,0.166643
0.05205,0.166643,0.166643
0.0521,0.166643,0.166643
0.05215,0.166643,0.166643
0.0522,0.166643,0.166643
0.05225,0.166643,0.166643
0.0523,0.166643,0.166643
0.05235,0.166643,0.166643
0.0524,0.166643,0.166643
0.05245,0.166643,0.166643
0.0525,0.166643,0.166643
0.05255,0.166642,0.166642
0.0526,0.166642,0.166642
0.05265,0.166642,0.166642
0.0527,0.166642,0.166642
0.05275,0.166642,0.166642
0.0528,0.166642,0.166642
0.05285,0.166642,0.166642
0.0529,0.166642,0.166642
0.05295,0.166642,0.166642
0.053,0.166642,0.166642
0.05305,0.166642,0.166642
0.0531,0.166642,0.166642
0.05315,0.166642,0.166642
0.0532,0.166642,0.166642
0.05325,0.166642,0.166642
0.0533,0.166641,0.166641
0.05335,0.166641,0.166641
0.0534,0.166641,0.166641
0.05345,0.166641,0.166641
0.0535,0.166641,0.166641
0.05355,0.166641,0.166641
0.0536,0.166641,0.166641
0.05365,0.166641,0.166641
0.0537,0.166641,0.166641
0.05375,0.166641,0.166641
0.0538,0.166641,0.166641
0.05385,0.166641,0.166641
0.0539,0.166641,0.166641
0.05395,0.16664,0.16664
0.054,0.16664,0.16664
0.05405,0.16664,0.16664
0.0541,0.16664,0.16664
0.05415,0.16664,0.16664
0.0542,0.16664,0.16664
0.05425,0.16664,0.16664
0.0543,0.16664,0.16664
0.05435,0.16664,0.16664
0.0544,0.16664,0.16664
0.05445,0.16664,0.16664
0.0545,0.16664,0.16664
0.05455,0.16664,0.16664
0.0546,0.16664,0.16664
0.05465,0.166639,0.166639
0.0547,0.166639,0.166639
0.05475,0.166639,0.166639
0.0548,0.166639,0.166639
0.05485,0.166639,0.166639
0.0549,0.166639,0.166639
0.05495,0.166639,0.166639
0.055,0.166639,0.166639
0.05505,0.166639,0.166639
0.0551,0.166639,0.166639
0.05515,0.166639,0.166639
0.0552,0.166639,0.166639
0.05525,0.166639,0.166639
0.0553,0.166638,0.166638
0.05535,0.166638,0.166638
0.0554,0.166638,0.166638
0.05545,0.166638,0.166638
0.0555,0.166638,0.166638
0.05555,0.166638,0.166638
0.0556,0.166638,0.166638
0.05565,0.166638,0.166638
0.0557,0.166638,0.166638
0.05575,0.166638,0.166638
0.0558,0.166638,0.166638
0.05585,0.166638,0.166638
0.0559,0.166638,0.166638
0.05595,0.166637,0.166637
0.056,0.166637,0.166637
0.05605,0.166637,0.166637
0.0561,0.166637,0.166637
0.05615,0.166637,0.166637
0.0562,0.166637,0.166637
0.05625,0.166637,0.166637
0.0563,0.166637,0.166637
0.05635,0.166637,0.166637
0.0564,0.166637,0.166637
0.05645,0.166637,0.166637
0.0565,0.166637,0.166637
0.05655,0.166637,0.166637
0.0566,0.166636,0.166636
0.05665,0.166636,0.166636
0.0567,0.166636,0.166636
0.05675,0.166636,0.166636
0.0568,0.166636,0.166636
0.05685,0.166636,0.166636
0.0569,0.166636,0.166636
0.05695,0.166636,0.166636
0.057,0.166636,0.166636
0.05705,0.166636,0.166636
0.0571,0.166636,0.166636
0.05715,0.166636,0.166636
0.0572,0.166635,0.166635
0.05725,0.166635,0.166635
0.0573,0.166635,0.166635
0.05735,0.166635,0.166635
0.0574,0.166635,0.166635
0.05745,0.166635,0.166635
0.0575,0.166635,0.166635
0.05755,0.166635,0.166635
0.0576,0.166635,0.166635
0.05765,0.166635,0.166635
0.0577,0.166635,0.166635
0.05775,0.166635,0.166635
0.0578,0.166634,0.166634
0.05785,0.166634,0.166634
0.0579,0.166634,0.166634
0.05795,0.166634,0.166634
0.058,0.166634,0.166634
0.05805,0.166634,0.166634
0.0581,0.166634,0.166634
0.05815,0.166634,0.166634
0.0582,0.166634,0.166634
0.05825,0.166634,0.166634
0.0583,0.166634,0.166634
0.05835,0.166634,0.166634
0.0584,0.166633,0.166633
0.05845,0.166633,0.166633
0.0585,0.166633,0.166633
0.05855,0.166633,0.166633
0.0586,0.166633,0.166633
0.05865,0.166633,0.166633
0.0587,0.166633,0.166633
0.05875,0.166633,0.166633
0.0588,0.166633,0.166633
0.05885,0.166633,0.166633
0.0589,0.166633,0.166633
0.05895,0.166633,0.166633
0.059,0.166632,0.166632
0.05905,0.166632,0.166632
0.0591,0.166632,0.166632
0.05915,0.166632,0.166632
0.0592,0.166632,0.166632
0.05925,0.166632,0.166632
0.0593,0.166632,0.166632
0.05935,0.166632,0.166632
0.0594,0.166632,0.166632
0.05945,0.166632,0.166632
0.0595,0.166632,0.166632
0.05955,0.166631,0.166631
0.0596,0.166631,0.166631
0.05965,0.166631,0.166631
0.0597,0.166631,0.166631
0.05975,0.166631,0.166631
0.0598,0.166631,0.166631
0.05985,0.166631,0.166631
0.0599,0.166631,0.166631
0.05995,0.166631,0.166631
0.06,0.166631,0.166631
0.06005,0.166631,0.166631
0.0601,0.16663,0.16663
0.06015,0.16663,0.16663
0.0602,0.16663,0.16663
0.06025,0.16663,0.16663
0.0603,0.16663,0.16663
0.06035,0.16663,0.16663
0.0604,0.16663,0.16663
0.06045,0.16663,0.16663
0.0605,0.16663,0.16663
0.06055,0.16663,0.16663
0.0606,0.16663,0.16663
0.06065,0.166629,0.166629
0.0607,0.166629,0.166629
0.06075,0.166629,0.166629
0.0608,0.166629,0.166629
0.06085,0.166629,0.166629
0.0609,0.166629,0.166629
0.06095,0.166629,0.166629
0.061,0.166629,0.166629
0.06105,0.166629,0.166629
0.0611,0.166629,0.166629
0.06115,0.166629,0.166629
0.0612,0.166628,0.166628
0.06125,0.166628,0.166628
0.0613,0.166628,0.166628
0.06135,0.166628,0.166628
0.0614,0.166628,0.166628
0.06145,0.166628,0.166628
0.0615,0.166628,0.166628
0.06155,0.166628,0.166628
0.0616,0.166628,0.166628
0.06165,0.166628,0.166628
0.0617,0.166628,0.166628
0.06175,0.166627,0.166627
0.0618,0.166627,0.166627
0.06185,0.166627,0.166627
0.0619,0.166627,0.166627
0.06195,0.166627,0.166627
0.062,0.166627,0.166627
0.06205,0.166627,0.166627
0.0621,0.166627,0.166627
0.06215,0.166627,0.166627
0.0622,0.166627,0.166627
0.06225,0.166626,0.166626
0.0623,0.166626,0.166626
0.06235,0.166626,0.166626
0.0624,0.166626,0.166626
0.06245,0.166626,0.166626
0.0625,0.166626,0.166626
0.06255,0.166626,0.166626
0.0626,0.166626,0.166626
0.06265,0.166626,0.166626
0.0627,0.166626,0.166626
0.06275,0.166625,0.166625
0.0628,0.166625,0.166625
0.06285,0.166625,0.166625
0.0629,0.166625,0.166625
0.06295,0.166625,0.166625
0.063,0.166625,0.166625
0.06305,0.166625,0.166625
0.0631,0.166625,0.166625
0.06315,0.166625,0.166625
0.0632,0.166625,0.166625
0.06325,0.166624,0.166624
0.0633,0.166624,0.166624
0.06335,0.166624,0.166624
0.0634,0.166624,0.166624
0.06345,0.166624,0.166624
0.0635,0.166624,0.166624
0.06355,0.166624,0.166624
0.0636,0.166624,0.166624
0.06365,0.166624,0.166624
0.0637,0.166624,0.166624
0.06375,0.166623,0.166623
0.0638,0.166623,0.166623
0.06385,0.166623,0.166623
0.0639,0.166623,0.166623
0.06395,0.166623,0.166623
0.064,0.166623,0.166623
0.06405,0.166623,0.166623
0.0641,0.166623,0.166623
0.06415,0.166623,0.166623
0.0642,0.166623,0.166623
0.06425,0.166622,0.166622
0.0643,0.166622,0.166622
0.06435,0.166622,0.166622
0.0644,0.166622,0.166622
0.06445,0.166622,0.166622
0.0645,0.166622,0.166622
0.06455,0.166622,0.166622
0.0646,0.166622,0.166622
0.06465,0.166622,0.166622
0.0647,0.166622,0.166622
0.06475,0.166621,0.166621
0.0648,0.166621,0.166621
0.06485,0.166621,0.166621
0.0649,0.166621,0.166621
0.06495,0.166621,0.166621
0.065,0.166621,0.166621
0.06505,0.166621,0.166621
0.0651,0.166621,0.166621
0.06515,0.166621,0.166621
0.0652,0.16662,0.16662
0.06525,0.16662,0.16662
0.0653,0.16662,0.16662
0.06535,0.16662,0.16662
0.0654,0.16662,0.16662
0.06545,0.16662,0.16662
0.0655,0.16662,0.16662
0.06555,0.16662,0.16662
0.0656,0.16662,0.16662
0.06565,0.16662,0.16662
0.0657,0.166619,0.166619
0.06575,0.166619,0.166619
0.0658,0.166619,0.166619
0.06585,0.166619,0.166619
0.0659,0.166619,0.166619
0.06595,0.166619,0.166619
0.066,0.166619,0.166619
0.06605,0.166619,0.166619
0.0661,0.166619,0.166619
0.06615,0.166618,0.166618
0.0662,0.166618,0.166618
0.06625,0.166618,0.166618
0.0663,0.166618,0.166618
0.06635,0.166618,0.166618
0.0664,0.166618,0.166618
0.06645,0.166618,0.166618
0.0665,0.166618,0.166618
0.06655,0.166618,0.166618
0.0666,0.166617,0.166617
0.06665,0.166617,0.166617
0.0667,0.166617,0.166617
0.06675,0.166617,0.166617
0.0668,0.166617,0.166617
0.06685,0.166617,0.166617
0.0669,0.166617,0.166617
0.06695,0.166617,0.166617
0.067,0.166617,0.166617
0.06705,0.166616,0.166616
0.0671,0.166616,0.166616
0.06715,0.166616,0.166616
0.0672,0.166616,0.166616
0.06725,0.166616,0.166616
0.0673,0.166616,0.166616
0.06735,0.166616,0.166616
0.0674,0.166616,0.166616
0.06745,0.166616,0.166616
0.0675,0.166615,0.166615
0.06755,0.166615,0.166615
0.0676,0.166615,0.166615
0.06765,0.166615,0.166615
0.0677,0.166615,0.166615
0.06775,0.166615,0.166615
0.0678,0.166615,0.166615
0.06785,0.166615,0.166615
0.0679,0.166614,0.166614
0.06795,0.166614,0.166614
0.068,0.166614,0.166614
0.06805,0.166614,0.166614
0.0681,0.166614,0.166614
0.06815,0.166614,0.166614
0.0682,0.166614,0.166614
0.06825,0.166614,0.166614
0.0683,0.166614,0.166614
0.06835,0.166613,0.166613
0.0684,0.166613,0.166613
0.06845,0.166613,0.166613
0.0685,0.166613,0.166613
0.06855,0.166613,0.166613
0.0686,0.166613,0.166613
0.06865,0.166613,0.166613
0.0687,0.166613,0.166613
0.06875,0.166613,0.166613
0.0688,0.166612,0.166612
0.06885,0.166612,0.166612
0.0689,0.166612,0.166612
0.06895,0.166612,0.166612
0.069,0.166612,0.166612
0.06905,0.166612,0.166612
0.0691,0.166612,0.166612
0.06915,0.166612,0.166612
0.0692,0.166611,0.166611
0.06925,0.166611,0.166611
0.0693,0.166611,0.166611
0.06935,0.166611,0.166611
0.0694,0.166611,0.166611
0.06945,0.166611,0.166611
0.0695,0.166611,0.166611
0.06955,0.166611,0.166611
0.0696,0.16661,0.16661
0.06965,0.16661,0.16661
0.0697,0.16661,0.16661
0.06975,0.16661,0.16661
0.0698,0.16661,0.16661
0.06985,0.16661,0.16661
0.0699,0.16661,0.16661
0.06995,0.16661,0.16661
0.07,0.166609,0.166609
0.07005,0.166609,0.166609
0.0701,0.166609,0.166609
0.07015,0.166609,0.166609
0.0702,0.166609,0.166609
0.07025,0.166609,0.166609
0.0703,0.166609,0.166609
0.07035,0.166609,0.166609
0.0704,0.166609,0.166609
0.07045,0.166608,0.166608
0.0705,0.166608,0.166608
0.07055,0.166608,0.166608
0.0706,0.166608,0.166608
0.07065,0.166608,0.166608
0.0707,0.166608,0.166608
0.07075,0.166608,0.166608
0.0708,0.166608,0.166608
0.07085,0.166607,0.166607
0.0709,0.166607,0.166607
0.07095,0.166607,0.166607
0.071,0.166607,0.166607
0.07105,0.166607,0.166607
0.0711,0.166607,0.166607
0.07115,0.166607,0.166607
0.0712,0.166607,0.166607
0.07125,0.166606,0.166606
0.0713,0.166606,0.166606
0.07135,0.166606,0.166606
0.0714,0.166606,0.166606
0.07145,0.166606,0.166606
0.0715,0.166606,0.166606
0.07155,0.166606,0.166606
0.0716,0.166605,0.166605
0.07165,0.166605,0.166605
0.0717,0.166605,0.166605
0.07175,0.166605,0.166605
0.0718,0.166605,0.166605
0.07185,0.166605,0.166605
0.0719,0.166605,0.166605
0.07195,0.166605,0.166605
0.072,0.166604,0.166604
0.07205,0.166604,0.166604
0.0721,0.166604,0.166604
0.07215,0.166604,0.166604
0.0722,0.166604,0.166604
0.07225,0.166604,0.166604
0.0723,0.166604,0.166604
0.07235,0.166604,0.166604
0.0724,0.166603,0.166603
0.07245,0.166603,0.166603
0.0725,0.166603,0.166603
0.07255,0.166603,0.166603
0.0726,0.166603,0.166603
0.07265,0.166603,0.166603
0.0727,0.166603,0.166603
0.07275,0.166602,0.166602
0.0728,0.166602,0.166602
0.07285,0.166602,0.166602
0.0729,0.166602,0.166602
0.07295,0.166602,0.166602
0.073,0.166602,0.166602
0.07305,0.166602,0.166602
0.0731,0.166602,0.166602
0.07315,0.166601,0.166601
0.0732,0.166601,0.166601
0.07325,0.166601,0.166601
0.0733,0.166601,0.166601
0.07335,0.166601,0.166601
0.0734,0.166601,0.166601
0.07345,0.166601,0.166601
0.0735,0.1666,0.1666
0.07355,0.1666,0.1666
0.0736,0.1666,0.1666
0.07365,0.1666,0.1666
0.0737,0.1666,0.1666
0.07375,0.1666,0.1666
0.0738,0.1666,0.1666
0.07385,0.1666,0.1666
0.0739,0.166599,0.166599
0.07395,0.166599,0.166599
0.074,0.166599,0.166599
0.07405,0.166599,0.166599
0.0741,0.166599,0.166599
0.07415,0.166599,0.166599
0.0742,0.166599,0.166599
0.07425,0.166598,0.166598
0.0743,0.166598,0.166598
0.07435,0.166598,0.166598
0.0744,0.166598,0.166598
0.07445,0.166598,0.166598
0.0745,0.166598,0.166598
0.07455,0.166598,0.166598
0.0746,0.166597,0.166597
0.07465,0.166597,0.166597
0.0747,0.166597,0.166597
0.07475,0.166597,0.166597
0.0748,0.166597,0.166597
0.07485,0.166597,0.166597
0.0749,0.166597,0.166597
0.07495,0.166596,0.166596
0.075,0.166596,0.166596
0.07505,0.166596,0.166596
0.0751,0.166596,0.166596
0.07515,0.166596,0.166596
0.0752,0.166596,0.166596
0.07525,0.166596,0.166596
0.0753,0.166596,0.166596
0.07535,0.166595,0.166595
0.0754,0.166595,0.166595
0.07545,0.166595,0.166595
0.0755,0.166595,0.166595
0.07555,0.166595,0.166595
0.0756,0.166595,0.166595
0.07565,0.166595,0.166595
0.0757,0.166594,0.166594
0.07575,0.166594,0.166594
0.0758,0.166594,0.166594
0.07585,0.166594,0.166594
0.0759,0.166594,0.166594
0.07595,0.166594,0.166594
0.076,0.166594,0.166594
0.07605,0.166593,0.166593
0.0761,0.166593,0.166593
0.07615,0.166593,0.166593
0.0762,0.166593,0.166593
0.07625,0.166593,0.166593
0.0763,0.166593,0.166593
0.07635,0.166592,0.166592
0.0764,0.166592,0.166592
0.07645,0.166592,0.166592
0.0765,0.166592,0.166592
0.07655,0.166592,0.166592
0.0766,0.166592,0.166592
0.07665,0.166592,0.166592
0.0767,0.166591,0.166591
0.07675,0.166591,0.166591
0.0768,0.166591,0.166591
0.07685,0.166591,0.166591
0.0769,0.166591,0.166591
0.07695,0.166591,0.166591
0.077,0.166591,0.166591
0.07705,0.16659,0.16659
0.0771,0.16659,0.16659
0.07715,0.16659,0.16659
0.0772,0.16659,0.16659
0.07725,0.16659,0.16659
0.0773,0.16659,0.16659
0.07735,0.16659,0.16659
0.0774,0.166589,0.166589
0.07745,0.166589,0.166589
0.0775,0.166589,0.166589
0.07755,0.166589,0.166589
0.0776,0.166589,0.166589
0.07765,0.166589,0.166589
0.0777,0.166588,0.166588
0.07775,0.166588,0.166588
0.0778,0.166588,0.166588
0.07785,0.166588,0.166588
0.0779,0.166588,0.166588
0.07795,0.166588,0.166588
0.078,0.166588,0.166588
0.07805,0.166587,0.166587
0.0781,0.166587,0.166587
0.07815,0.166587,0.166587
0.0782,0.166587,0.166587
0.07825,0.166587,0.166587
0.0783,0.166587,0.166587
0.07835,0.166587,0.166587
0.0784,0.166586,0.166586
0.07845,0.166586,0.166586
0.0785,0.166586,0.166586
0.07855,0.166586,0.166586
0.0786,0.166586,0.166586
0.07865,0.166586,0.166586
0.0787,0.166585,0.166585
0.07875,0.166585,0.166585
0.0788,0.166585,0.166585
0.07885,0.166585,0.166585
0.0789,0.166585,0.166585
0.07895,0.166585,0.166585
0.079,0.166584,0.166584
0.07905,0.166584,0.166584
0.0791,0.166584,0.166584
0.07915,0.166584,0.166584
0.0792,0.166584,0.166584
0.07925,0.166584,0.166584
0.0793,0.166584,0.166584
0.07935,0.166583,0.166583
0.0794,0.166583,0.166583
0.07945,0.166583,0.166583
0.0795,0.166583,0.166583
0.07955,0.166583,0.166583
0.0796,0.166583,0.166583
0.07965,0.166582,0.166582
0.0797,0.166582,0.166582
0.07975,0.166582,0.166582
0.0798,0.166582,0.166582
0.07985,0.166582,0.166582
0.0799,0.166582,0.166582
0.07995,0.166581,0.166581
0.08,0.166581,0.166581
0.08005,0.166581,0.166581
0.0801,0.166581,0.166581
0.08015,0.166581,0.166581
0.0802,0.166581,0.166581
0.08025,0.166581,0.166581
0.0803,0.16658,0.16658
0.08035,0.16658,0.16658
0.0804,0.16658,0.16658
0.08045,0.16658,0.16658
0.0805,0.16658,0.16658
0.08055,0.16658,0.16658
0.0806,0.166579,0.166579
0.08065,0.166579,0.166579
0.0807,0.166579,0.166579
0.08075,0.166579,0.166579
0.0808,0.166579,0.166579
0.08085,0.166579,0.166579
0.0809,0.166578,0.166578
0.08095,0.166578,0.166578
0.081,0.166578,0.166578
0.08105,0.166578,0.166578
0.0811,0.166578,0.166578
0.08115,0.166578,0.166578
0.0812,0.166577,0.166577
0.08125,0.166577,0.166577
0.0813,0.166577,0.166577
0.08135,0.166577,0.166577
0.0814,0.166577,0.166577
0.08145,0.166577,0.166577
0.0815,0.166576,0.166576
0.08155,0.166576,0.166576
0.0816,0.166576,0.166576
0.08165,0.166576,0.166576
0.0817,0.166576,0.166576
0.08175,0.166576,0.166576
0.0818,0.166575,0.166575
0.08185,0.166575,0.166575
0.0819,0.166575,0.166575
0.08195,0.166575,0.166575
0.082,0.166575,0.166575
0.08205,0.166575,0.166575
0.0821,0.166574,0.166574
0.08215,0.166574,0.166574
0.0822,0.166574,0.166574
0.08225,0.166574,0.166574
0.0823,0.166574,0.166574
0.08235,0.166574,0.166574
0.0824,0.166573,0.166573
0.08245,0.166573,0.166573
0.0825,0.166573,0.166573
0.08255,0.166573,0.166573
0.0826,0.166573,0.166573
0.08265,0.166573,0.166573
0.0827,0.166572,0.166572
0.08275,0.166572,0.166572
0.0828,0.166572,0.166572
0.08285,0.166572,0.166572
0.0829,0.166572,0.166572
0.08295,0.166572,0.166572
0.083,0.166571,0.166571
0.08305,0.166571,0.166571
0.0831,0.166571,0.166571
0.08315,0.166571,0.166571
0.0832,0.166571,0.166571
0.08325,0.166571,0.166571
0.0833,0.16657,0.16657
0.08335,0.16657,0.16657
0.0834,0.16657,0.16657
0.08345,0.16657,0.16657
0.0835,0.16657,0.16657
0.08355,0.166569,0.166569
0.0836,0.166569,0.166569
0.08365,0.166569,0.166569
0.0837,0.166569,0.166569
0.08375,0.166569,0.166569
0.0838,0.166569,0.166569
0.08385,0.166568,0.166568
0.0839,0.166568,0.166568
0.08395,0.166568,0.166568
0.084,0.166568,0.166568
0.08405,0.166568,0.166568
0.0841,0.166568,0.166568
0.08415,0.166567,0.166567
0.0842,0.166567,0.166567
0.08425,0.166567,0.166567
0.0843,0.166567,0.166567
0.08435,0.166567,0.166567
0.0844,0.166566,0.166566
0.08445,0.166566,0.166566
0.0845,0.166566,0.166566
0.08455,0.166566,0.166566
0.0846,0.166566,0.166566
0.08465,0.166566,0.166566
0.0847,0.166565,0.166565
0.08475,0.166565,0.166565
0.0848,0.166565,0.166565
0.08485,0.166565,0.166565
0.0849,0.166565,0.166565
0.08495,0.166564,0.166564
0.085,0.166564,0.166564
0.08505,0.166564,0.166564
0.0851,0.166564,0.166564
0.08515,0.166564,0.166564
0.0852,0.166564,0.166564
0.08525,0.166563,0.166563
0.0853,0.166563,0.166563
0.08535,0.166563,0.166563
0.0854,0.166563,0.166563
0.08545,0.166563,0.166563
0.0855,0.166562,0.166562
0.08555,0.166562,0.166562
0.0856,0.166562,0.166562
0.08565,0.166562,0.166562
0.0857,0.166562,0.166562
0.08575,0.166562,0.166562
0.0858,0.166561,0.166561
0.08585,0.166561,0.166561
0.0859,0.166561,0.166561
0.08595,0.166561,0.166561
0.086,0.166561,0.166561
0.08605,0.16656,0.16656
0.0861,0.16656,0.16656
0.08615,0.16656,0.16656
0.0862,0.16656,0.16656
0.08625,0.16656,0.16656
0.0863,0.16656,0.16656
0.08635,0.166559,0.166559
0.0864,0.166559,0.166559
0.08645,0.166559,0.166559
0.0865,0.166559,0.166559
0.08655,0.166559,0.166559
0.0866,0.166558,0.166558
0.08665,0.166558,0.166558
0.0867,0.166558,0.166558
0.08675,0.166558,0.166558
0.0868,0.166558,0.166558
0.08685,0.166557,0.166557
0.0869,0.166557,0.166557
0.08695,0.166557,0.166557
0.087,0.166557,0.166557
0.08705,0.166557,0.166557
0.0871,0.166557,0.166557
0.08715,0.166556,0.166556
0.0872,0.166556,0.166556
0.08725,0.166556,0.166556
0.0873,0.166556,0.166556
0.08735,0.166556,0.166556
0.0874,0.166555,0.166555
0.08745,0.166555,0.166555
0.0875,0.166555,0.166555
0.08755,0.166555,0.166555
0.0876,0.166555,0.166555
0.08765,0.166554,0.166554
0.0877,0.166554,0.166554
0.08775,0.166554,0.166554
0.0878,0.166554,0.166554
0.08785,0.166554,0.166554
0.0879,0.166553,0.166553
0.08795,0.166553,0.166553
0.088,0.166553,0.166553
0.08805,0.166553,0.166553
0.0881,0.166553,0.166553
0.08815,0.166553,0.166553
0.0882,0.166552,0.166552
0.08825,0.166552,0.166552
0.0883,0.166552,0.166552
0.08835,0.166552,0.166552
0.0884,0.166552,0.166552
0.08845,0.166551,0.166551
0.0885,0.166551,0.166551
0.08855,0.166551,0.166551
0.0886,0.166551,0.166551
0.08865,0.166551,0.166551
0.0887,0.16655,0.16655
0.08875,0.16655,0.16655
0.0888,0.16655,0.16655
0.08885,0.16655,0.16655
0.0889,0.16655,0.16655
0.08895,0.166549,0.166549
0.089,0.166549,0.166549
0.08905,0.166549,0.166549
0.0891,0.166549,0.166549
0.08915,0.166549,0.166549
0.0892,0.166548,0.166548
0.08925,0.166548,0.166548
0.0893,0.166548,0.166548
0.08935,0.166548,0.166548
0.0894,0.166548,0.166548
0.08945,0.166547,0.166547
0.0895,0.166547,0.166547
0.08955,0.166547,0.166547
0.0896,0.166547,0.166547
0.08965,0.166547,0.166547
0.0897,0.166546,0.166546
0.08975,0.166546,0.166546
0.0898,0.166546,0.166546
0.08985,0.166546,0.166546
0.0899,0.166546,0.166546
0.08995,0.166545,0.166545
0.09,0.166545,0.166545
0.09005,0.166545,0.166545
0.0901,0.166545,0.166545
0.09015,0.166545,0.166545
0.0902,0.166544,0.166544
0.09025,0.166544,0.166544
0.0903,0.166544,0.166544
0.09035,0.166544,0.166544
0.0904,0.166544,0.166544
0.09045,0.166543,0.166543
0.0905,0.166543,0.166543
0.09055,0.166543,0.166543
0.0906,0.166543,0.166543
0.09065,0.166543,0.166543
0.0907,0.166542,0.166542
0.09075,0.166542,0.166542
0.0908,0.166542,0.166542
0.09085,0.166542,0.166542
0.0909,0.166541,0.166541
0.09095,0.166541,0.166541
0.091,0.166541,0.166541
0.09105,0.166541,0.166541
0.0911,0.166541,0.166541
0.09115,0.16654,0.16654
0.0912,0.16654,0.16654
0.09125,0.16654,0.16654
0.0913,0.16654,0.16654
0.09135,0.16654,0.16654
0.0914,0.166539,0.166539
0.09145,0.166539,0.166539
0.0915,0.166539,0.166539
0.09155,0.166539,0.166539
0.0916,0.166539,0.166539
0.09165,0.166538,0.166538
0.0917,0.166538,0.166538
0.09175,0.166538,0.166538
0.0918,0.166538,0.166538
0.09185,0.166538,0.166538
0.0919,0.166537,0.166537
0.09195,0.166537,0.166537
0.092,0.166537,0.166537
0.09205,0.166537,0.166537
0.0921,0.166536,0.166536
0.09215,0.166536,0.166536
0.0922,0.166536,0.166536
0.09225,0.166536,0.166536
0.0923,0.166536,0.166536
0.09235,0.166535,0.166535
0.0924,0.166535,0.166535
0.09245,0.166535,0.166535
0.0925,0.166535,0.166535
0.09255,0.166535,0.166535
0.0926,0.166534,0.166534
0.09265,0.166534,0.166534
0.0927,0.166534,0.166534
0.09275,0.166534,0.166534
0.0928,0.166533,0.166533
0.09285,0.166533,0.166533
0.0929,0.166533,0.166533
0.09295,0.166533,0.166533
0.093,0.166533,0.166533
0.09305,0.166532,0.166532
0.0931,0.166532,0.166532
0.09315,0.166532,0.166532
0.0932,0.166532,0.166532
0.09325,0.166532,0.166532
0.0933,0.166531,0.166531
0.09335,0.166531,0.166531
0.0934,0.166531,0.166531
0.09345,0.166531,0.166531
0.0935,0.16653,0.16653
0.09355,0.16653,0.16653
0.0936,0.16653,0.16653
0.09365,0.16653,0.16653
0.0937,0.16653,0.16653
0.09375,0.166529,0.166529
0.0938,0.166529,0.166529
0.09385,0.166529,0.166529
0.0939,0.166529,0.166529
0.09395,0.166528,0.166528
0.094,0.166528,0.166528
0.09405,0.166528,0.166528
0.0941,0.166528,0.166528
0.09415,0.166528,0.166528
0.0942,0.166527,0.166527
0.09425,0.166527,0.166527
0.0943,0.166527,0.166527
0.09435,0.166527,0.166527
0.0944,0.166526,0.166526
0.09445,0.166526,0.166526
0.0945,0.166526,0.166526
0.09455,0.166526,0.166526
0.0946,0.166526,0.166526
0.09465,0.166525,0.166525
0.0947,0.166525,0.166525
0.09475,0.166525,0.166525
0.0948,0.166525,0.166525
0.09485,0.166524,0.166524
0.0949,0.166524,0.166524
0.09495,0.166524,0.166524
0.095,0.166524,0.166524
0.09505,0.166524,0.166524
0.0951,0.166523,0.166523
0.09515,0.166523,0.166523
0.0952,0.166523,0.166523
0.09525,0.166523,0.166523
0.0953,0.166522,0.166522
0.09535,0.166522,0.166522
0.0954,0.166522,0.166522
0.09545,0.166522,0.166522
0.0955,0.166522,0.166522
0.09555,0.166521,0.166521
0.0956,0.166521,0.166521
0.09565,0.166521,0.166521
0.0957,0.166521,0.166521
0.09575,0.16652,0.16652
0.0958,0.16652,0.16652
0.09585,0.16652,0.16652
0.0959,0.16652,0.16652
0.09595,0.166519,0.166519
0.096,0.166519,0.166519
0.09605,0.166519,0.166519
0.0961,0.166519,0.166519
0.09615,0.166519,0.166519
0.0962,0.166518,0.166518
0.09625,0.166518,0.166518
0.0963,0.166518,0.166518
0.09635,0.166518,0.166518
0.0964,0.166517,0.166517
0.09645,0.166517,0.166517
0.0965,0.166517,0.166517
0.09655,0.166517,0.166517
0.0966,0.166516,0.166516
0.09665,0.166516,0.166516
0.0967,0.166516,0.166516
0.09675,0.166516,0.166516
0.0968,0.166515,0.166515
0.09685,0.166515,0.166515
0.0969,0.166515,0.166515
0.09695,0.166515,0.166515
0.097,0.166515,0.166515
0.09705,0.166514,0.166514
0.0971,0.166514,0.166514
0.09715,0.166514,0.166514
0.0972,0.166514,0.166514
0.09725,0.166513,0.166513
0.0973,0.166513,0.166513
0.09735,0.166513,0.166513
0.0974,0.166513,0.166513
0.09745,0.166512,0.166512
0.0975,0.166512,0.166512
0.09755,0.166512,0.166512
0.0976,0.166512,0.166512
0.09765,0.166511,0.166511
0.0977,0.166511,0.166511
0.09775,0.166511,0.166511
0.0978,0.166511,0.166511
0.09785,0.166511,0.166511
0.0979,0.16651,0.16651
0.09795,0.16651,0.16651
0.098,0.16651,0.16651
0.09805,0.16651,0.16651
0.0981,0.166509,0.166509
0.09815,0.166509,0.166509
0.0982,0.166509,0.166509
0.09825,0.166509,0.166509
0.0983,0.166508,0.166508
0.09835,0.166508,0.166508
0.0984,0.166508,0.166508
0.09845,0.166508,0.166508
0.0985,0.166507,0.166507
0.09855,0.166507,0.166507
0.0986,0.166507,0.166507
0.09865,0.166507,0.166507
0.0987,0.166506,0.166506
0.09875,0.166506,0.166506
0.0988,0.166506,0.166506
0.09885,0.166506,0.166506
0.0989,0.166505,0.166505
0.09895,0.166505,0.166505
0.099,0.166505,0.166505
0.09905,0.166505,0.166505
0.0991,0.166504,0.166504
0.09915,0.166504,0.166504
0.0992,0.166504,0.166504
0.09925,0.166504,0.166504
0.0993,0.166503,0.166503
0.09935,0.166503,0.166503
0.0994,0.166503,0.166503
0.09945,0.166503,0.166503
0.0995,0.166502,0.166502
0.09955,0.166502,0.166502
0.0996,0.166502,0.166502
0.09965,0.166502,0.166502
0.0997,0.166501,0.166501
0.09975,0.166501,0.166501
0.0998,0.166501,0.166501
0.09985,0.166501,0.166501
0.0999,0.1665,0.1665
0.09995,0.1665,0.1665
0.1,0.1665,0.1665
0.10005,0.1665,0.1665
0.1001,0.166499,0.166499
0.10015,0.166499,0.166499
0.1002,0.166499,0.166499
0.10025,0.166499,0.166499
0.1003,0.166498,0.166498
0.10035,0.166498,0.166498
0.1004,0.166498,0.166498
0.10045,0.166498,0.166498
0.1005,0.166497,0.166497
0.10055,0.166497,0.166497
0.1006,0.166497,0.166497
0.10065,0.166497,0.166497
0.1007,0.166496,0.166496
0.10075,0.166496,0.166496
0.1008,0.166496,0.166496
0.10085,0.166496,0.166496
0.1009,0.166495,0.166495
0.10095,0.166495,0.166495
0.101,0.166495,0.166495
0.10105,0.166495,0.166495
0.1011,0.166494,0.166494
0.10115,0.166494,0.166494
0.1012,0.166494,0.166494
0.10125,0.166494,0.166494
0.1013,0.166493,0.166493
0.10135,0.166493,0.166493
0.1014,0.166493,0.166493
0.10145,0.166493,0.166493
0.1015,0.166492,0.166492
0.10155,0.166492,0.166492
0.1016,0.166492,0.166492
0.10165,0.166492,0.166492
0.1017,0.166491,0.166491
0.10175,0.166491,0.166491
0.1018,0.166491,0.166491
0.10185,0.166491,0.166491
0.1019,0.16649,0.16649
0.10195,0.16649,0.16649
0.102,0.16649,0.16649
0.10205,0.16649,0.16649
0.1021,0.166489,0.166489
0.10215,0.166489,0.166489
0.1022,0.166489,0.166489
0.10225,0.166488,0.166488
0.1023,0.166488,0.166488
0.10235,0.166488,0.166488
0.1024,0.166488,0.166488
0.10245,0.166487,0.166487
0.1025,0.166487,0.166487
0.10255,0.166487,0.166487
0.1026,0.166487,0.166487
0.10265,0.166486,0.166486
0.1027,0.166486,0.166486
0.10275,0.166486,0.166486
0.1028,0.166486,0.166486
0.10285,0.166485,0.166485
0.1029,0.166485,0.166485
0.10295,0.166485,0.166485
0.103,0.166485,0.166485
0.10305,0.166484,0.166484
0.1031,0.166484,0.166484
0.10315,0.166484,0.166484
0.1032,0.166483,0.166483
0.10325,0.166483,0.166483
0.1033,0.166483,0.166483
0.10335,0.166483,0.166483
0.1034,0.166482,0.166482
0.10345,0.166482,0.166482
0.1035,0.166482,0.166482
0.10355,0.166482,0.166482
0.1036,0.166481,0.166481
0.10365,0.166481,0.166481
0.1037,0.166481,0.166481
0.10375,0.166481,0.166481
0.1038,0.16648,0.16648
0.10385,0.16648,0.16648
0.1039,0.16648,0.16648
0.10395,0.166479,0.166479
0.104,0.166479,0.166479
0.10405,0.166479,0.166479
0.1041,0.166479,0.166479
0.10415,0.166478,0.166478
0.1042,0.166478,0.166478
0.10425,0.166478,0.166478
0.1043,0.166478,0.166478
0.10435,0.166477,0.166477
0.1044,0.166477,0.166477
0.10445,0.166477,0.166477
0.1045,0.166476,0.166476
0.10455,0.166476,0.166476
0.1046,0.166476,0.166476
0.10465,0.166476,0.166476
0.1047,0.166475,0.166475
0.10475,0.166475,0.166475
0.1048,0.166475,0.166475
0.10485,0.166475,0.166475
0.1049,0.166474,0.166474
0.10495,0.166474,0.166474
0.105,0.166474,0.166474
0.10505,0.166473,0.166473
0.1051,0.166473,0.166473
0.10515,0.166473,0.166473
0.1052,0.166473,0.166473
0.10525,0.166472,0.166472
0.1053,0.166472,0.166472
0.10535,0.166472,0.166472
0.1054,0.166472,0.166472
0.10545,0.166471,0.166471
0.1055,0.166471,0.166471
0.10555,0.166471,0.166471
0.1056,0.16647,0.16647
0.10565,0.16647,0.16647
0.1057,0.16647,0.16647
0.10575,0.16647,0.16647
0.1058,0.166469,0.166469
0.10585,0.166469,0.166469
0.1059,0.166469,0.166469
0.10595,0.166468,0.166468
0.106,0.166468,0.166468
0.10605,0.166468,0.166468
0.1061,0.166468,0.166468
0.10615,0.166467,0.166467
0.1062,0.166467,0.166467
0.10625,0.166467,0.166467
0.1063,0.166466,0.166466
0.10635,0.166466,0.166466
0.1064,0.166466,0.166466
0.10645,0.166466,0.166466
0.1065,0.166465,0.166465
0.10655,0.166465,0.166465
0.1066,0.166465,0.166465
0.10665,0.166464,0.166464
0.1067,0.166464,0.166464
0.10675,0.166464,0.166464
0.1068,0.166464,0.166464
0.10685,0.166463,0.166463
0.1069,0.166463,0.166463
0.10695,0.166463,0.166463
0.107,0.166462,0.166462
0.10705,0.166462,0.166462
0.1071,0.166462,0.166462
0.10715,0.166462,0.166462
0.1072,0.166461,0.166461
0.10725,0.166461,0.166461
0.1073,0.166461,0.166461
0.10735,0.16646,0.16646
0.1074,0.16646,0.16646
0.10745,0.16646,0.16646
0.1075,0.16646,0.16646
0.10755,0.166459,0.166459
0.1076,0.166459,0.166459
0.10765,0.166459,0.166459
0.1077,0.166458,0.166458
0.10775,0.166458,0.166458
0.1078,0.166458,0.166458
0.10785,0.166458,0.166458
0.1079,0.166457,0.166457
0.10795,0.166457,0.166457
0.108,0.166457,0.166457
0.10805,0.166456,0.166456
0.1081,0.166456,0.166456
0.10815,0.166456,0.166456
0.1082,0.166456,0.166456
0.10825,0.166455,0.166455
0.1083,0.166455,0.166455
0.10835,0.166455,0.166455
0.1084,0.166454,0.166454
0.10845,0.166454,0.166454
0.1085,0.166454,0.166454
0.10855,0.166453,0.166453
0.1086,0.166453,0.166453
0.10865,0.166453,0.166453
0.1087,0.166453,0.166453
0.10875,0.166452,0.166452
0.1088,0.166452,0.166452
0.10885,0.166452,0.166452
0.1089,0.166451,0.166451
0.10895,0.166451,0.166451
0.109,0.166451,0.166451
0.10905,0.166451,0.166451
0.1091,0.16645,0.16645
0.10915,0.16645,0.16645
0.1092,0.16645,0.16645
0.10925,0.166449,0.166449
0.1093,0.166449,0.166449
0.10935,0.166449,0.166449
0.1094,0.166448,0.166448
0.10945,0.166448,0.166448
0.1095,0.166448,0.166448
0.10955,0.166448,0.166448
0.1096,0.166447,0.166447
0.10965,0.166447,0.166447
0.1097,0.166447,0.166447
0.10975,0.166446,0.166446
0.1098,0.166446,0.166446
0.10985,0.166446,0.166446
0.1099,0.166445,0.166445
0.10995,0.166445,0.166445
0.11,0.166445,0.166445
0.11005,0.166445,0.166445
0.1101,0.166444,0.166444
0.11015,0.166444,0.166444
0.1102,0.166444,0.166444
0.11025,0.166443,0.166443
0.1103,0.166443,0.166443
0.11035,0.166443,0.166443
0.1104,0.166442,0.166442
0.11045,0.166442,0.166442
0.1105,0.166442,0.166442
0.11055,0.166441,0.166441
0.1106,0.166441,0.166441
0.11065,0.166441,0.166441
0.1107,0.166441,0.166441
0.11075,0.16644,0.16644
0.1108,0.16644,0.16644
0.11085,0.16644,0.16644
0.1109,0.166439,0.166439
0.11095,0.166439,0.166439
0.111,0.166439,0.166439
0.11105,0.166438,0.166438
0.1111,0.166438,0.166438
0.11115,0.166438,0.166438
0.1112,0.166437,0.166437
0.11125,0.166437,0.166437
0.1113,0.166437,0.166437
0.11135,0.166437,0.166437
0.1114,0.166436,0.166436
0.11145,0.166436,0.166436
0.1115,0.166436,0.166436
0.11155,0.166435,0.166435
0.1116,0.166435,0.166435
0.11165,0.166435,0.166435
0.1117,0.166434,0.166434
0.11175,0.166434,0.166434
0.1118,0.166434,0.166434
0.11185,0.166433,0.166433
0.1119,0.166433,0.166433
0.11195,0.166433,0.166433
0.112,0.166433,0.166433
0.11205,0.166432,0.166432
0.1121,0.166432,0.166432
0.11215,0.166432,0.166432
0.1122,0.166431,0.166431
0.11225,0.166431,0.166431
0.1123,0.166431,0.166431
0.11235,0.16643,0.16643
0.1124,0.16643,0.16643
0.11245,0.16643,0.16643
0.1125,0.166429,0.166429
0.11255,0.166429,0.166429
0.1126,0.166429,0.166429
0.11265,0.166428,0.166428
0.1127,0.166428,0.166428
0.11275,0.166428,0.166428
0.1128,0.166427,0.166427
0.11285,0.166427,0.166427
0.1129,0.166427,0.166427
0.11295,0.166427,0.166427
0.113,0.166426,0.166426
0.11305,0.166426,0.166426
0.1131,0.166426,0.166426
0.11315,0.166425,0.166425
0.1132,0.166425,0.166425
0.11325,0.166425,0.166425
0.1133,0.166424,0.166424
0.11335,0.166424,0.166424
0.1134,0.166424,0.166424
0.11345,0.166423,0.166423
0.1135,0.166423,0.166423
0.11355,0.166423,0.166423
0.1136,0.166422,0.166422
0.11365,0.166422,0.166422
0.1137,0.166422,0.166422
0.11375,0.166421,0.166421
0.1138,0.166421,0.166421
0.11385,0.166421,0.166421
0.1139,0.16642,0.16642
0.11395,0.16642,0.16642
0.114,0.16642,0.16642
0.11405,0.166419,0.166419
0.1141,0.166419,0.166419
0.11415,0.166419,0.166419
0.1142,0.166418,0.166418
0.11425,0.166418,0.166418
0.1143,0.166418,0.166418
0.11435,0.166417,0.166417
0.1144,0.166417,0.166417
0.11445,0.166417,0.166417
0.1145,0.166416,0.166416
0.11455,0.166416,0.166416
0.1146,0.166416,0.166416
0.11465,0.166415,0.166415
0.1147,0.166415,0.166415
0.11475,0.166415,0.166415
0.1148,0.166415,0.166415
0.11485,0.166414,0.166414
0.1149,0.166414,0.166414
0.11495,0.166414,0.166414
0.115,0.166413,0.166413
0.11505,0.166413,0.166413
0.1151,0.166413,0.166413
0.11515,0.166412,0.166412
0.1152,0.166412,0.166412
0.11525,0.166412,0.166412
0.1153,0.166411,0.166411
0.11535,0.166411,0.166411
0.1154,0.166411,0.166411
0.11545,0.16641,0.16641
0.1155,0.16641,0.16641
0.11555,0.16641,0.16641
0.1156,0.166409,0.166409
0.11565,0.166409,0.166409
0.1157,0.166409,0.166409
0.11575,0.166408,0.166408
0.1158,0.166408,0.166408
0.11585,0.166408,0.166408
0.1159,0.166407,0.166407
0.11595,0.166407,0.166407
0.116,0.166407,0.166407
0.11605,0.166406,0.166406
0.1161,0.166406,0.166406
0.11615,0.166406,0.166406
0.1162,0.166405,0.166405
0.11625,0.166405,0.166405
0.1163,0.166404,0.166404
0.11635,0.166404,0.166404
0.1164,0.166404,0.166404
0.11645,0.166403,0.166403
0.1165,0.166403,0.166403
0.11655,0.166403,0.166403
0.1166,0.166402,0.166402
0.11665,0.166402,0.166402
0.1167,0.166402,0.166402
0.11675,0.166401,0.166401
0.1168,0.166401,0.166401
0.11685,0.166401,0.166401
0.1169,0.1664,0.1664
0.11695,0.1664,0.1664
0.117,0.1664,0.1664
0.11705,0.166399,0.166399
0.1171,0.166399,0.166399
0.11715,0.166399,0.166399
0.1172,0.166398,0.166398
0.11725,0.166398,0.166398
0.1173,0.166398,0.166398
0.11735,0.166397,0.166397
0.1174,0.166397,0.166397
0.11745,0.166397,0.166397
0.1175,0.166396,0.166396
0.11755,0.166396,0.166396
0.1176,0.166396,0.166396
0.11765,0.166395,0.166395
0.1177,0.166395,0.166395
0.11775,0.166395,0.166395
0.1178,0.166394,0.166394
0.11785,0.166394,0.166394
0.1179,0.166394,0.166394
0.11795,0.166393,0.166393
0.118,0.166393,0.166393
0.11805,0.166392,0.166392
0.1181,0.166392,0.166392
0.11815,0.166392,0.166392
0.1182,0.166391,0.166391
0.11825,0.166391,0.166391
0.1183,0.166391,0.166391
0.11835,0.16639,0.16639
0.1184,0.16639,0.16639
0.11845,0.16639,0.16639
0.1185,0.166389,0.166389
0.11855,0.166389,0.166389
0.1186,0.166389,0.166389
0.11865,0.166388,0.166388
0.1187,0.166388,0.166388
0.11875,0.166388,0.166388
0.1188,0.166387,0.166387
0.11885,0.166387,0.166387
0.1189,0.166387,0.166387
0.11895,0.166386,0.166386
0.119,0.166386,0.166386
0.11905,0.166385,0.166385
0.1191,0.166385,0.166385
0.11915,0.166385,0.166385
0.1192,0.166384,0.166384
0.11925,0.166384,0.166384
0.1193,0.166384,0.166384
0.11935,0.166383,0.166383
0.1194,0.166383,0.166383
0.11945,0.166383,0.166383
0.1195,0.166382,0.166382
0.11955,0.166382,0.166382
0.1196,0.166382,0.166382
0.11965,0.166381,0.166381
0.1197,0.166381,0.166381
0.11975,0.16638,0.16638
0.1198,0.16638,0.16638
0.11985,0.16638,0.16638
0.1199,0.166379,0.166379
0.11995,0.166379,0.166379
0.12,0.166379,0.166379
0.12005,0.166378,0.166378
0.1201,0.166378,0.166378
0.12015,0.166378,0.166378
0.1202,0.166377,0.166377
0.12025,0.166377,0.166377
0.1203,0.166377,0.166377
0.12035,0.166376,0.166376
0.1204,0.166376,0.166376
0.12045,0.166375,0.166375
0.1205,0.166375,0.166375
0.12055,0.166375,0.166375
0.1206,0.166374,0.166374
0.12065,0.166374,0.166374
0.1207,0.166374,0.166374
0.12075,0.166373,0.166373
0.1208,0.166373,0.166373
0.12085,0.166373,0.166373
0.1209,0.166372,0.166372
0.12095,0.166372,0.166372
0.121,0.166371,0.166371
0.12105,0.166371,0.166371
0.1211,0.166371,0.166371
0.12115,0.16637,0.16637
0.1212,0.16637,0.16637
0.12125,0.16637,0.16637
0.1213,0.166369,0.166369
0.12135,0.166369,0.166369
0.1214,0.166368,0.166368
0.12145,0.166368,0.166368
0.1215,0.166368,0.166368
0.12155,0.166367,0.166367
0.1216,0.166367,0.166367
0.12165,0.166367,0.166367
0.1217,0.166366,0.166366
0.12175,0.166366,0.166366
0.1218,0.166366,0.166366
0.12185,0.166365,0.166365
0.1219,0.166365,0.166365
0.12195,0.166364,0.166364
0.122,0.166364,0.166364
0.12205,0.166364,0.166364
0.1221,0.166363,0.166363
0.12215,0.166363,0.166363
0.1222,0.166363,0.166363
0.12225,0.166362,0.166362
0.1223,0.166362,0.166362
0.12235,0.166361,0.166361
0.1224,0.166361,0.166361
0.12245,0.166361,0.166361
0.1225,0.16636,0.16636
0.12255,0.16636,0.16636
0.1226,0.16636,0.16636
0.12265,0.166359,0.166359
0.1227,0.166359,0.166359
0.12275,0.166358,0.166358
0.1228,0.166358,0.166358
0.12285,0.166358,0.166358
0.1229,0.166357,0.166357
0.12295,0.166357,0.166357
0.123,0.166357,0.166357
0.12305,0.166356,0.166356
0.1231,0.166356,0.166356
0.12315,0.166355,0.166355
0.1232,0.166355,0.166355
0.12325,0.166355,0.166355
0.1233,0.166354,0.166354
0.12335,0.166354,0.166354
0.1234,0.166353,0.166353
0.12345,0.166353,0.166353
0.1235,0.166353,0.166353
0.12355,0.166352,0.166352
0.1236,0.166352,0.166352
0.12365,0.166352,0.166352
0.1237,0.166351,0.166351
0.12375,0.166351,0.166351
0.1238,0.16635,0.16635
0.12385,0.16635,0.16635
0.1239,0.16635,0.16635
0.12395,0.166349,0.166349
0.124,0.166349,0.166349
0.12405,0.166349,0.166349
0.1241,0.166348,0.166348
0.12415,0.166348,0.166348
0.1242,0.166347,0.166347
0.12425,0.166347,0.166347
0.1243,0.166347,0.166347
0.12435,0.166346,0.166346
0.1244,0.166346,0.166346
0.12445,0.166345,0.166345
0.1245,0.166345,0.166345
0.12455,0.166345,0.166345
0.1246,0.166344,0.166344
0.12465,0.166344,0.166344
0.1247,0.166343,0.166343
0.12475,0.166343,0.166343
0.1248,0.166343,0.166343
0.12485,0.166342,0.166342
0.1249,0.166342,0.166342
0.12495,0.166342,0.166342
0.125,0.166341,0.166341
0.12505,0.166341,0.166341
0.1251,0.16634,0.16634
0.12515,0.16634,0.16634
0.1252,0.16634,0.16634
0.12525,0.166339,0.166339
0.1253,0.166339,0.166339
0.12535,0.166338,0.166338
0.1254,0.166338,0.166338
0.12545,0.166338,0.166338
0.1255,0.166337,0.166337
0.12555,0.166337,0.166337
0.1256,0.166336,0.166336
0.12565,0.166336,0.166336
0.1257,0.166336,0.166336
0.12575,0.166335,0.166335
0.1258,0.166335,0.166335
0.12585,0.166334,0.166334
0.1259,0.166334,0.166334
0.12595,0.166334,0.166334
0.126,0.166333,0.166333
0.12605,0.166333,0.166333
0.1261,0.166332,0.166332
0.12615,0.166332,0.166332
0.1262,0.166332,0.166332
0.12625,0.166331,0.166331
0.1263,0.166331,0.166331
0.12635,0.16633,0.16633
0.1264,0.16633,0.16633
0.12645,0.16633,0.16633
0.1265,0.166329,0.166329
0.12655,0.166329,0.166329
0.1266,0.166328,0.166328
0.12665,0.166328,0.166328
0.1267,0.166328,0.166328
0.12675,0.166327,0.166327
0.1268,0.166327,0.166327
0.12685,0.166326,0.166326
0.1269,0.166326,0.166326
0.12695,0.166326,0.166326
0.127,0.166325,0.166325
0.12705,0.166325,0.166325
0.1271,0.166324,0.166324
0.12715,0.166324,0.166324
0.1272,0.166324,0.166324
0.12725,0.166323,0.166323
0.1273,0.166323,0.166323
0.12735,0.166322,0.166322
0.1274,0.166322,0.166322
0.12745,0.166322,0.166322
0.1275,0.166321,0.166321
0.12755,0.166321,0.166321
0.1276,0.16632,0.16632
0.12765,0.16632,0.16632
0.1277,0.16632,0.16632
0.12775,0.166319,0.166319
0.1278,0.166319,0.166319
0.12785,0.166318,0.166318
0.1279,0.166318,0.166318
0.12795,0.166318,0.166318
0.128,0.166317,0.166317
0.12805,0.166317,0.166317
0.1281,0.166316,0.166316
0.12815,0.166316,0.166316
0.1282,0.166316,0.166316
0.12825,0.166315,0.166315
0.1283,0.166315,0.166315
0.12835,0.166314,0.166314
0.1284,0.166314,0.166314
0.12845,0.166313,0.166313
0.1285,0.166313,0.166313
0.12855,0.166313,0.166313
0.1286,0.166312,0.166312
0.12865,0.166312,0.166312
0.1287,0.166311,0.166311
0.12875,0.166311,0.166311
0.1288,0.166311,0.166311
0.12885,0.16631,0.16631
0.1289,0.16631,0.16631
0.12895,0.166309,0.166309
0.129,0.166309,0.166309
0.12905,0.166308,0.166308
0.1291,0.166308,0.166308
0.12915,0.166308,0.166308
0.1292,0.166307,0.166307
0.12925,0.166307,0.166307
0.1293,0.166306,0.166306
0.12935,0.166306,0.166306
0.1294,0.166306,0.166306
0.12945,0.166305,0.166305
0.1295,0.166305,0.166305
0.12955,0.166304,0.166304
0.1296,0.166304,0.166304
0.12965,0.166303,0.166303
0.1297,0.166303,0.166303
0.12975,0.166303,0.166303
0.1298,0.166302,0.166302
0.12985,0.166302,0.166302
0.1299,0.166301,0.166301
0.12995,0.166301,0.166301
0.13,0.1663,0.1663
0.13005,0.1663,0.1663
0.1301,0.1663,0.1663
0.13015,0.166299,0.166299
0.1302,0.166299,0.166299
0.13025,0.166298,0.166298
0.1303,0.166298,0.166298
0.13035,0.166298,0.166298
0.1304,0.166297,0.166297
0.13045,0.166297,0.166297
0.1305,0.166296,0.166296
0.13055,0.166296,0.166296
0.1306,0.166295,0.166295
0.13065,0.166295,0.166295
0.1307,0.166295,0.166295
0.13075,0.166294,0.166294
0.1308,0.166294,0.166294
0.13085,0.166293,0.166293
0.1309,0.166293,0.166293
0.13095,0.166292,0.166292
0.131,0.166292,0.166292
0.13105,0.166292,0.166292
0.1311,0.166291,0.166291
0.13115,0.166291,0.166291
0.1312,0.16629,0.16629
0.13125,0.16629,0.16629
0.1313,0.166289,0.166289
0.13135,0.166289,0.166289
0.1314,0.166289,0.166289
0.13145,0.166288,0.166288
0.1315,0.166288,0.166288
0.13155,0.166287,0.166287
0.1316,0.166287,0.166287
0.13165,0.166286,0.166286
0.1317,0.166286,0.166286
0.13175,0.166286,0.166286
0.1318,0.166285,0.166285
0.13185,0.166285,0.166285
0.1319,0.166284,0.166284
0.13195,0.166284,0.166284
0.132,0.166283,0.166283
0.13205,0.166283,0.166283
0.1321,0.166282,0.166282
0.13215,0.166282,0.166282
0.1322,0.166282,0.166282
0.13225,0.166281,0.166281
0.1323,0.166281,0.166281
0.13235,0.16628,0.16628
0.1324,0.16628,0.16628
0.13245,0.166279,0.166279
0.1325,0.166279,0.166279
0.13255,0.166279,0.166279
0.1326,0.166278,0.166278
0.13265,0.166278,0.166278
0.1327,0.166277,0.166277
0.13275,0.166277,0.166277
0.1328,0.166276,0.166276
0.13285,0.166276,0.166276
0.1329,0.166275,0.166275
0.13295,0.166275,0.166275
0.133,0.166275,0.166275
0.13305,0.166274,0.166274
0.1331,0.166274,0.166274
0.13315,0.166273,0.166273
0.1332,0.166273,0.166273
0.13325,0.166272,0.166272
0.1333,0.166272,0.166272
0.13335,0.166271,0.166271
0.1334,0.166271,0.166271
0.13345,0.166271,0.166271
0.1335,0.16627,0.16627
0.13355,0.16627,0.16627
0.1336,0.166269,0.166269
0.13365,0.166269,0.166269
0.1337,0.166268,0.166268
0.13375,0.166268,0.166268
0.1338,0.166267,0.166267
0.13385,0.166267,0.166267
0.1339,0.166267,0.166267
0.13395,0.166266,0.166266
0.134,0.166266,0.166266
0.13405,0.166265,0.166265
0.1341,0.166265,0.166265
0.13415,0.166264,0.166264
0.1342,0.166264,0.166264
0.13425,0.166263,0.166263
0.1343,0.166263,0.166263
0.13435,0.166262,0.166262
0.1344,0.166262,0.166262
0.13445,0.166262,0.166262
0.1345,0.166261,0.166261
0.13455,0.166261,0.166261
0.1346,0.16626,0.16626
0.13465,0.16626,0.16626
0.1347,0.166259,0.166259
0.13475,0.166259,0.166259
0.1348,0.166258,0.166258
0.13485,0.166258,0.166258
0.1349,0.166258,0.166258
0.13495,0.166257,0.166257
0.135,0.166257,0.166257
0.13505,0.166256,0.166256
0.1351,0.166256,0.166256
0.13515,0.166255,0.166255
0.1352,0.166255,0.166255
0.13525,0.166254,0.166254
0.1353,0.166254,0.166254
0.13535,0.166253,0.166253
0.1354,0.166253,0.166253
0.13545,0.166252,0.166252
0.1355,0.166252,0.166252
0.13555,0.166252,0.166252
0.1356,0.166251,0.166251
0.13565,0.166251,0.166251
0.1357,0.16625,0.16625
0.13575,0.16625,0.16625
0.1358,0.166249,0.166249
0.13585,0.166249,0.166249
0.1359,0.166248,0.166248
0.13595,0.166248,0.166248
0.136,0.166247,0.166247
0.13605,0.166247,0.166247
0.1361,0.166246,0.166246
0.13615,0.166246,0.166246
0.1362,0.166246,0.166246
0.13625,0.166245,0.166245
0.1363,0.166245,0.166245
0.13635,0.166244,0.166244
0.1364,0.166244,0.166244
0.13645,0.166243,0.166243
0.1365,0.166243,0.166243
0.13655,0.166242,0.166242
0.1366,0.166242,0.166242
0.13665,0.166241,0.166241
0.1367,0.166241,0.166241
0.13675,0.16624,0.16624
0.1368,0.16624,0.16624
0.13685,0.16624,0.16624
0.1369,0.166239,0.166239
0.13695,0.166239,0.166239
0.137,0.166238,0.166238
0.13705,0.166238,0.166238
0.1371,0.166237,0.166237
0.13715,0.166237,0.166237
0.1372,0.166236,0.166236
0.13725,0.166236,0.166236
0.1373,0.166235,0.166235
0.13735,0.166235,0.166235
0.1374,0.166234,0.166234
0.13745,0.166234,0.166234
0.1375,0.166233,0.166233
0.13755,0.166233,0.166233
0.1376,0.166232,0.166232
0.13765,0.166232,0.166232
0.1377,0.166232,0.166232
0.13775,0.166231,0.166231
0.1378,0.166231,0.166231
0.13785,0.16623,0.16623
0.1379,0.16623,0.16623
0.13795,0.166229,0.166229
0.138,0.166229,0.166229
0.13805,0.166228,0.166228
0.1381,0.166228,0.166228
0.13815,0.166227,0.166227
0.1382,0.166227,0.166227
0.13825,0.166226,0.166226
0.1383,0.166226,0.166226
0.13835,0.166225,0.166225
0.1384,0.166225,0.166225
0.13845,0.166224,0.166224
0.1385,0.166224,0.166224
0.13855,0.166223,0.166223
0.1386,0.166223,0.166223
0.13865,0.166222,0.166222
0.1387,0.166222,0.166222
0.13875,0.166221,0.166221
0.1388,0.166221,0.166221
0.13885,0.166221,0.166221
0.1389,0.16622,0.16622
0.13895,0.16622,0.16622
0.139,0.166219,0.166219
0.13905,0.166219,0.166219
0.1391,0.166218,0.166218
0.13915,0.166218,0.166218
0.1392,0.166217,0.166217
0.13925,0.166217,0.166217
0.1393,0.166216,0.166216
0.13935,0.166216,0.166216
0.1394,0.166215,0.166215
0.13945,0.166215,0.166215
0.1395,0.166214,0.166214
0.13955,0.166214,0.166214
0.1396,0.166213,0.166213
0.13965,0.166213,0.166213
0.1397,0.166212,0.166212
0.13975,0.166212,0.166212
0.1398,0.166211,0.166211
0.13985,0.166211,0.166211
0.1399,0.16621,0.16621
0.13995,0.16621,0.16621
0.14,0.166209,0.166209
0.14005,0.166209,0.166209
0.1401,0.166208,0.166208
0.14015,0.166208,0.166208
0.1402,0.166207,0.166207
0.14025,0.166207,0.166207
0.1403,0.166206,0.166206
0.14035,0.166206,0.166206
0.1404,0.166205,0.166205
0.14045,0.166205,0.166205
0.1405,0.166204,0.166204
0.14055,0.166204,0.166204
0.1406,0.166203,0.166203
0.14065,0.166203,0.166203
0.1407,0.166202,0.166202
0.14075,0.166202,0.166202
0.1408,0.166201,0.166201
0.14085,0.166201,0.166201
0.1409,0.1662,0.1662
0.14095,0.1662,0.1662
0.141,0.166199,0.166199
0.14105,0.166199,0.166199
0.1411,0.166198,0.166198
0.14115,0.166198,0.166198
0.1412,0.166197,0.166197
0.14125,0.166197,0.166197
0.1413,0.166196,0.166196
0.14135,0.166196,0.166196
0.1414,0.166195,0.166195
0.14145,0.166195,0.166195
0.1415,0.166194,0.166194
0.14155,0.166194,0.166194
0.1416,0.166193,0.166193
0.14165,0.166193,0.166193
0.1417,0.166192,0.166192
0.14175,0.166192,0.166192
0.1418,0.166191,0.166191
0.14185,0.166191,0.166191
0.1419,0.16619,0.16619
0.14195,0.16619,0.16619
0.142,0.166189,0.166189
0.14205,0.166189,0.166189
0.1421,0.166188,0.166188
0.14215,0.166188,0.166188
0.1422,0.166187,0.166187
0.14225,0.166187,0.166187
0.1423,0.166186,0.166186
0.14235,0.166186,0.166186
0.1424,0.166185,0.166185
0.14245,0.166185,0.166185
0.1425,0.166184,0.166184
0.14255,0.166184,0.166184
0.1426,0.166183,0.166183
0.14265,0.166183,0.166183
0.1427,0.166182,0.166182
0.14275,0.166182,0.166182
0.1428,0.166181,0.166181
0.14285,0.166181,0.166181
0.1429,0.16618,0.16618
0.14295,0.16618,0.16618
0.143,0.166179,0.166179
0.14305,0.166179,0.166179
0.1431,0.166178,0.166178
0.14315,0.166178,0.166178
0.1432,0.166177,0.166177
0.14325,0.166177,0.166177
0.1433,0.166176,0.166176
0.14335,0.166176,0.166176
0.1434,0.166175,0.166175
0.14345,0.166175,0.166175
0.1435,0.166174,0.166174
0.14355,0.166174,0.166174
0.1436,0.166173,0.166173
0.14365,0.166173,0.166173
0.1437,0.166172,0.166172
0.14375,0.166172,0.166172
0.1438,0.166171,0.166171
0.14385,0.166171,0.166171
0.1439,0.16617,0.16617
0.14395,0.16617,0.16617
0.144,0.166169,0.166169
0.14405,0.166168,0.166168
0.1441,0.166168,0.166168
0.14415,0.166167,0.166167
0.1442,0.166167,0.166167
0.14425,0.166166,0.166166
0.1443,0.166166,0.166166
0.14435,0.166165,0.166165
0.1444,0.166165,0.166165
0.14445,0.166164,0.166164
0.1445,0.166164,0.166164
0.14455,0.166163,0.166163
0.1446,0.166163,0.166163
0.14465,0.166162,0.166162
0.1447,0.166162,0.166162
0.14475,0.166161,0.166161
0.1448,0.166161,0.166161
0.14485,0.16616,0.16616
0.1449,0.16616,0.16616
0.14495,0.166159,0.166159
0.145,0.166159,0.166159
0.14505,0.166158,0.166158
0.1451,0.166158,0.166158
0.14515,0.166157,0.166157
0.1452,0.166156,0.166156
0.14525,0.166156,0.166156
0.1453,0.166155,0.166155
0.14535,0.166155,0.166155
0.1454,0.166154,0.166154
0.14545,0.166154,0.166154
0.1455,0.166153,0.166153
0.14555,0.166153,0.166153
0.1456,0.166152,0.166152
0.14565,0.166152,0.166152
0.1457,0.166151,0.166151
0.14575,0.166151,0.166151
0.1458,0.16615,0.16615
0.14585,0.16615,0.16615
0.1459,0.166149,0.166149
0.14595,0.166149,0.166149
0.146,0.166148,0.166148
0.14605,0.166147,0.166147
0.1461,0.166147,0.166147
0.14615,0.166146,0.166146
0.1462,0.166146,0.166146
0.14625,0.166145,0.166145
0.1463,0.166145,0.166145
0.14635,0.166144,0.166144
0.1464,0.166144,0.166144
0.14645,0.166143,0.166143
0.1465,0.166143,0.166143
0.14655,0.166142,0.166142
0.1466,0.166142,0.166142
0.14665,0.166141,0.166141
0.1467,0.16614,0.16614
0.14675,0.16614,0.16614
0.1468,0.166139,0.166139
0.14685,0.166139,0.166139
0.1469,0.166138,0.166138
0.14695,0.166138,0.166138
0.147,0.166137,0.166137
0.14705,0.166137,0.166137
0.1471,0.166136,0.166136
0.14715,0.166136,0.166136
0.1472,0.166135,0.166135
0.14725,0.166135,0.166135
0.1473,0.166134,0.166134
0.14735,0.166133,0.166133
0.1474,0.166133,0.166133
0.14745,0.166132,0.166132
0.1475,0.166132,0.166132
0.14755,0.166131,0.166131
0.1476,0.166131,0.166131
0.14765,0.16613,0.16613
0.1477,0.16613,0.16613
0.14775,0.166129,0.166129
0.1478,0.166129,0.166129
0.14785,0.166128,0.166128
0.1479,0.166127,0.166127
0.14795,0.166127,0.166127
0.148,0.166126,0.166126
0.14805,0.166126,0.166126
0.1481,0.166125,0.166125
0.14815,0.166125,0.166125
0.1482,0.166124,0.166124
0.14825,0.166124,0.166124
0.1483,0.166123,0.166123
0.14835,0.166123,0.166123
0.1484,0.166122,0.166122
0.14845,0.166121,0.166121
0.1485,0.166121,0.166121
0.14855,0.16612,0.16612
0.1486,0.16612,0.16612
0.14865,0.166119,0.166119
0.1487,0.166119,0.166119
0.14875,0.166118,0.166118
0.1488,0.166118,0.166118
0.14885,0.166117,0.166117
0.1489,0.166116,0.166116
0.14895,0.166116,0.166116
0.149,0.166115,0.166115
0.14905,0.166115,0.166115
0.1491,0.166114,0.166114
0.14915,0.166114,0.166114
0.1492,0.166113,0.166113
0.14925,0.166113,0.166113
0.1493,0.166112,0.166112
0.14935,0.166111,0.166111
0.1494,0.166111,0.166111
0.14945,0.16611,0.16611
0.1495,0.16611,0.16611
0.14955,0.166109,0.166109
0.1496,0.166109,0.166109
0.14965,0.166108,0.166108
0.1497,0.166108,0.166108
0.14975,0.166107,0.166107
0.1498,0.166106,0.166106
0.14985,0.166106,0.166106
0.1499,0.166105,0.166105
0.14995,0.166105,0.166105
0.15,0.166104,0.166104
0.15005,0.166104,0.166104
0.1501,0.166103,0.166103
0.15015,0.166102,0.166102
0.1502,0.166102,0.166102
0.15025,0.166101,0.166101
0.1503,0.166101,0.166101
0.15035,0.1661,0.1661
0.1504,0.1661,0.1661
0.15045,0.166099,0.166099
0.1505,0.166099,0.166099
0.15055,0.166098,0.166098
0.1506,0.166097,0.166097
0.15065,0.166097,0.166097
0.1507,0.166096,0.166096
0.15075,0.166096,0.166096
0.1508,0.166095,0.166095
0.15085,0.166095,0.166095
0.1509,0.166094,0.166094
0.15095,0.166093,0.166093
0.151,0.166093,0.166093
0.15105,0.166092,0.166092
0.1511,0.166092,0.166092
0.15115,0.166091,0.166091
0.1512,0.166091,0.166091
0.15125,0.16609,0.16609
0.1513,0.166089,0.166089
0.15135,0.166089,0.166089
0.1514,0.166088,0.166088
0.15145,0.166088,0.166088
0.1515,0.166087,0.166087
0.15155,0.166087,0.166087
0.1516,0.166086,0.166086
0.15165,0.166085,0.166085
0.1517,0.166085,0.166085
0.15175,0.166084,0.166084
0.1518,0.166084,0.166084
0.15185,0.166083,0.166083
0.1519,0.166083,0.166083
0.15195,0.166082,0.166082
0.152,0.166081,0.166081
0.15205,0.166081,0.166081
0.1521,0.16608,0.16608
0.15215,0.16608,0.16608
0.1522,0.166079,0.166079
0.15225,0.166078,0.166078
0.1523,0.166078,0.166078
0.15235,0.166077,0.166077
0.1524,0.166077,0.166077
0.15245,0.166076,0.166076
0.1525,0.166076,0.166076
0.15255,0.166075,0.166075
0.1526,0.166074,0.166074
0.15265,0.166074,0.166074
0.1527,0.166073,0.166073
0.15275,0.166073,0.166073
0.1528,0.166072,0.166072
0.15285,0.166071,0.166071
0.1529,0.166071,0.166071
0.15295,0.16607,0.16607
0.153,0.16607,0.16607
0.15305,0.166069,0.166069
0.1531,0.166069,0.166069
0.15315,0.166068,0.166068
0.1532,0.166067,0.166067
0.15325,0.166067,0.166067
0.1533,0.166066,0.166066
0.15335,0.166066,0.166066
0.1534,0.166065,0.166065
0.15345,0.166064,0.166064
0.1535,0.166064,0.166064
0.15355,0.166063,0.166063
0.1536,0.166063,0.166063
0.15365,0.166062,0.166062
0.1537,0.166062,0.166062
0.15375,0.166061,0.166061
0.1538,0.16606,0.16606
0.15385,0.16606,0.16606
0.1539,0.166059,0.166059
0.15395,0.166059,0.166059
0.154,0.166058,0.166058
0.15405,0.166057,0.166057
0.1541,0.166057,0.166057
0.15415,0.166056,0.166056
0.1542,0.166056,0.166056
0.15425,0.166055,0.166055
0.1543,0.166054,0.166054
0.15435,0.166054,0.166054
0.1544,0.166053,0.166053
0.15445,0.166053,0.166053
0.1545,0.166052,0.166052
0.15455,0.166051,0.166051
0.1546,0.166051,0.166051
0.15465,0.16605,0.16605
0.1547,0.16605,0.16605
0.15475,0.166049,0.166049
0.1548,0.166048,0.166048
0.15485,0.166048,0.166048
0.1549,0.166047,0.166047
0.15495,0.166047,0.166047
0.155,0.166046,0.166046
0.15505,0.166045,0.166045
0.1551,0.166045,0.166045
0.15515,0.166044,0.166044
0.1552,0.166044,0.166044
0.15525,0.166043,0.166043
0.1553,0.166042,0.166042
0.15535,0.166042,0.166042
0.1554,0.166041,0.166041
0.15545,0.166041,0.166041
0.1555,0.16604,0.16604
0.15555,0.166039,0.166039
0.1556,0.166039,0.166039
0.15565,0.166038,0.166038
0.1557,0.166038,0.166038
0.15575,0.166037,0.166037
0.1558,0.166036,0.166036
0.15585,0.166036,0.166036
0.1559,0.166035,0.166035
0.15595,0.166035,0.166035
0.156,0.166034,0.166034
0.15605,0.166033,0.166033
0.1561,0.166033,0.166033
0.15615,0.166032,0.166032
0.1562,0.166031,0.166031
0.15625,0.166031,0.166031
0.1563,0.16603,0.16603
0.15635,0.16603,0.16603
0.1564,0.166029,0.166029
0.15645,0.166028,0.166028
0.1565,0.166028,0.166028
0.15655,0.166027,0.166027
0.1566,0.166027,0.166027
0.15665,0.166026,0.166026
0.1567,0.166025,0.166025
0.15675,0.166025,0.166025
0.1568,0.166024,0.166024
0.15685,0.166024,0.166024
0.1569,0.166023,0.166023
0.15695,0.166022,0.166022
0.157,0.166022,0.166022
0.15705,0.166021,0.166021
0.1571,0.16602,0.16602
0.15715,0.16602,0.16602
0.1572,0.166019,0.166019
0.15725,0.166019,0.166019
0.1573,0.166018,0.166018
0.15735,0.166017,0.166017
0.1574,0.166017,0.166017
0.15745,0.166016,0.166016
0.1575,0.166016,0.166016
0.15755,0.166015,0.166015
0.1576,0.166014,0.166014
0.15765,0.166014,0.166014
0.1577,0.166013,0.166013
0.15775,0.166012,0.166012
0.1578,0.166012,0.166012
0.15785,0.166011,0.166011
0.1579,0.166011,0.166011
0.15795,0.16601,0.16601
0.158,0.166009,0.166009
0.15805,0.166009,0.166009
0.1581,0.166008,0.166008
0.15815,0.166007,0.166007
0.1582,0.166007,0.166007
0.15825,0.166006,0.166006
0.1583,0.166006,0.166006
0.15835,0.166005,0.166005
0.1584,0.166004,0.166004
0.15845,0.166004,0.166004
0.1585,0.166003,0.166003
0.15855,0.166002,0.166002
0.1586,0.166002,0.166002
0.15865,0.166001,0.166001
0.1587,0.166001,0.166001
0.15875,0.166,0.166
0.1588,0.165999,0.165999
0.15885,0.165999,0.165999
0.1589,0.165998,0.165998
0.15895,0.165997,0.165997
0.159,0.165997,0.165997
0.15905,0.165996,0.165996
0.1591,0.165995,0.165995
0.15915,0.165995,0.165995
0.1592,0.165994,0.165994
0.15925,0.165994,0.165994
0.1593,0.165993,0.165993
0.15935,0.165992,0.165992
0.1594,0.165992,0.165992
0.15945,0.165991,0.165991
0.1595,0.16599,0.16599
0.15955,0.16599,0.16599
0.1596,0.165989,0.165989
0.15965,0.165988,0.165988
0.1597,0.165988,0.165988
0.15975,0.165987,0.165987
0.1598,0.165987,0.165987
0.15985,0.165986,0.165986
0.1599,0.165985,0.165985
0.15995,0.165985,0.165985
0.16,0.165984,0.165984
0.16005,0.165983,0.165983
0.1601,0.165983,0.165983
0.16015,0.165982,0.165982
0.1602,0.165981,0.165981
0.16025,0.165981,0.165981
0.1603,0.16598,0.16598
0.16035,0.16598,0.16598
0.1604,0.165979,0.165979
0.16045,0.165978,0.165978
0.1605,0.165978,0.165978
0.16055,0.165977,0.165977
0.1606,0.165976,0.165976
0.16065,0.165976,0.165976
0.1607,0.165975,0.165975
0.16075,0.165974,0.165974
0.1608,0.165974,0.165974
0.16085,0.165973,0.165973
0.1609,0.165972,0.165972
0.16095,0.165972,0.165972
0.161,0.165971,0.165971
0.16105,0.16597,0.16597
0.1611,0.16597,0.16597
0.16115,0.165969,0.165969
0.1612,0.165969,0.165969
0.16125,0.165968,0.165968
0.1613,0.165967,0.165967
0.16135,0.165967,0.165967
0.1614,0.165966,0.165966
0.16145,0.165965,0.165965
0.1615,0.165965,0.165965
0.16155,0.165964,0.165964
0.1616,0.165963,0.165963
0.16165,0.165963,0.165963
0.1617,0.165962,0.165962
0.16175,0.165961,0.165961
0.1618,0.165961,0.165961
0.16185,0.16596,0.16596
0.1619,0.165959,0.165959
0.16195,0.165959,0.165959
0.162,0.165958,0.165958
0.16205,0.165957,0.165957
0.1621,0.165957,0.165957
0.16215,0.165956,0.165956
0.1622,0.165955,0.165955
0.16225,0.165955,0.165955
0.1623,0.165954,0.165954
0.16235,0.165953,0.165953
0.1624,0.165953,0.165953
0.16245,0.165952,0.165952
0.1625,0.165951,0.165951
0.16255,0.165951,0.165951
0.1626,0.16595,0.16595
0.16265,0.16595,0.16595
0.1627,0.165949,0.165949
0.16275,0.165948,0.165948
0.1628,0.165948,0.165948
0.16285,0.165947,0.165947
0.1629,0.165946,0.165946
0.16295,0.165946,0.165946
0.163,0.165945,0.165945
0.16305,0.165944,0.165944
0.1631,0.165944,0.165944
0.16315,0.165943,0.165943
0.1632,0.165942,0.165942
0.16325,0.165942,0.165942
0.1633,0.165941,0.165941
0.16335,0.16594,0.16594
0.1634,0.16594,0.16594
0.16345,0.165939,0.165939
0.1635,0.165938,0.165938
0.16355,0.165938,0.165938
0.1636,0.165937,0.165937
0.16365,0.165936,0.165936
0.1637,0.165936,0.165936
0.16375,0.165935,0.165935
0.1638,0.165934,0.165934
0.16385,0.165934,0.165934
0.1639,0.165933,0.165933
0.16395,0.165932,0.165932
0.164,0.165932,0.165932
0.16405,0.165931,0.165931
0.1641,0.16593,0.16593
0.16415,0.165929,0.165929
0.1642,0.165929,0.165929
0.16425,0.165928,0.165928
0.1643,0.165927,0.165927
0.16435,0.165927,0.165927
0.1644,0.165926,0.165926
0.16445,0.165925,0.165925
0.1645,0.165925,0.165925
0.16455,0.165924,0.165924
0.1646,0.165923,0.165923
0.16465,0.165923,0.165923
0.1647,0.165922,0.165922
0.16475,0.165921,0.165921
0.1648,0.165921,0.165921
0.16485,0.16592,0.16592
0.1649,0.165919,0.165919
0.16495,0.165919,0.165919
0.165,0.165918,0.165918
0.16505,0.165917,0.165917
0.1651,0.165917,0.165917
0.16515,0.165916,0.165916
0.1652,0.165915,0.165915
0.16525,0.165915,0.165915
0.1653,0.165914,0.165914
0.16535,0.165913,0.165913
0.1654,0.165913,0.165913
0.16545,0.165912,0.165912
0.1655,0.165911,0.165911
0.16555,0.16591,0.16591
0.1656,0.16591,0.16591
0.16565,0.165909,0.165909
0.1657,0.165908,0.165908
0.16575,0.165908,0.165908
0.1658,0.165907,0.165907
0.16585,0.165906,0.165906
0.1659,0.165906,0.165906
0.16595,0.165905,0.165905
0.166,0.165904,0.165904
0.16605,0.165904,0.165904
0.1661,0.165903,0.165903
0.16615,0.165902,0.165902
0.1662,0.165902,0.165902
0.16625,0.165901,0.165901
0.1663,0.1659,0.1659
0.16635,0.165899,0.165899
0.1664,0.165899,0.165899
0.16645,0.165898,0.165898
0.1665,0.165897,0.165897
0.16655,0.165897,0.165897
0.1666,0.165896,0.165896
0.16665,0.165895,0.165895
0.1667,0.165895,0.165895
0.16675,0.165894,0.165894
0.1668,0.165893,0.165893
0.16685,0.165893,0.165893
0.1669,0.165892,0.165892
0.16695,0.165891,0.165891
0.167,0.16589,0.16589
0.16705,0.16589,0.16589
0.1671,0.165889,0.165889
0.16715,0.165888,0.165888
0.1672,0.165888,0.165888
0.16725,0.165887,0.165887
0.1673,0.165886,0.165886
0.16735,0.165886,0.165886
0.1674,0.165885,0.165885
0.16745,0.165884,0.165884
0.1675,0.165883,0.165883
0.16755,0.165883,0.165883
0.1676,0.165882,0.165882
0.16765,0.165881,0.165881
0.1677,0.165881,0.165881
0.16775,0.16588,0.16588
0.1678,0.165879,0.165879
0.16785,0.165879,0.165879
0.1679,0.165878,0.165878
0.16795,0.165877,0.165877
0.168,0.165876,0.165876
0.16805,0.165876,0.165876
0.1681,0.165875,0.165875
0.16815,0.165874,0.165874
0.1682,0.165874,0.165874
0.16825,0.165873,0.165873
0.1683,0.165872,0.165872
0.16835,0.165871,0.165871
0.1684,0.165871,0.165871
0.16845,0.16587,0.16587
0.1685,0.165869,0.165869
0.16855,0.165869,0.165869
0.1686,0.165868,0.165868
0.16865,0.165867,0.165867
0.1687,0.165866,0.165866
0.16875,0.165866,0.165866
0.1688,0.165865,0.165865
0.16885,0.165864,0.165864
0.1689,0.165864,0.165864
0.16895,0.165863,0.165863
0.169,0.165862,0.165862
0.16905,0.165861,0.165861
0.1691,0.165861,0.165861
0.16915,0.16586,0.16586
0.1692,0.165859,0.165859
0.16925,0.165859,0.165859
0.1693,0.165858,0.165858
0.16935,0.165857,0.165857
0.1694,0.165856,0.165856
0.16945,0.165856,0.165856
0.1695,0.165855,0.165855
0.16955,0.165854,0.165854
0.1696,0.165854,0.165854
0.16965,0.165853,0.165853
0.1697,0.165852,0.165852
0.16975,0.165851,0.165851
0.1698,0.165851,0.165851
0.16985,0.16585,0.16585
0.1699,0.165849,0.165849
0.16995,0.165849,0.165849
0.17,0.165848,0.165848
0.17005,0.165847,0.165847
0.1701,0.165846,0.165846
0.17015,0.165846,0.165846
0.1702,0.165845,0.165845
0.17025,0.165844,0.165844
0.1703,0.165843,0.165843
0.17035,0.165843,0.165843
0.1704,0.165842,0.165842
0.17045,0.165841,0.165841
0.1705,0.165841,0.165841
0.17055,0.16584,0.16584
0.1706,0.165839,0.165839
0.17065,0.165838,0.165838
0.1707,0.165838,0.165838
0.17075,0.165837,0.165837
0.1708,0.165836,0.165836
0.17085,0.165835,0.165835
0.1709,0.165835,0.165835
0.17095,0.165834,0.165834
0.171,0.165833,0.165833
0.17105,0.165833,0.165833
0.1711,0.165832,0.165832
0.17115,0.165831,0.165831
0.1712,0.16583,0.16583
0.17125,0.16583,0.16583
0.1713,0.165829,0.165829
0.17135,0.165828,0.165828
0.1714,0.165827,0.165827
0.17145,0.165827,0.165827
0.1715,0.165826,0.165826
0.17155,0.165825,0.165825
0.1716,0.165824,0.165824
0.17165,0.165824,0.165824
0.1717,0.165823,0.165823
0.17175,0.165822,0.165822
0.1718,0.165822,0.165822
0.17185,0.165821,0.165821
0.1719,0.16582,0.16582
0.17195,0.165819,0.165819
0.172,0.165819,0.165819
0.17205,0.165818,0.165818
0.1721,0.165817,0.165817
0.17215,0.165816,0.165816
0.1722,0.165816,0.165816
0.17225,0.165815,0.165815
0.1723,0.165814,0.165814
0.17235,0.165813,0.165813
0.1724,0.165813,0.165813
0.17245,0.165812,0.165812
0.1725,0.165811,0.165811
0.17255,0.16581,0.16581
0.1726,0.16581,0.16581
0.17265,0.165809,0.165809
0.1727,0.165808,0.165808
0.17275,0.165807,0.165807
0.1728,0.165807,0.165807
0.17285,0.165806,0.165806
0.1729,0.165805,0.165805
0.17295,0.165804,0.165804
0.173,0.165804,0.165804
0.17305,0.165803,0.165803
0.1731,0.165802,0.165802
0.17315,0.165801,0.165801
0.1732,0.165801,0.165801
0.17325,0.1658,0.1658
0.1733,0.165799,0.165799
0.17335,0.165798,0.165798
0.1734,0.165798,0.165798
0.17345,0.165797,0.165797
0.1735,0.165796,0.165796
0.17355,0.165795,0.165795
0.1736,0.165795,0.165795
0.17365,0.165794,0.165794
0.1737,0.165793,0.165793
0.17375,0.165792,0.165792
0.1738,0.165792,0.165792
0.17385,0.165791,0.165791
0.1739,0.16579,0.16579
0.17395,0.165789,0.165789
0.174,0.165789,0.165789
0.17405,0.165788,0.165788
0.1741,0.165787,0.165787
0.17415,0.165786,0.165786
0.1742,0.165786,0.165786
0.17425,0.165785,0.165785
0.1743,0.165784,0.165784
0.17435,0.165783,0.165783
0.1744,0.165783,0.165783
0.17445,0.165782,0.165782
0.1745,0.165781,0.165781
0.17455,0.16578,0.16578
0.1746,0.16578,0.16578
0.17465,0.165779,0.165779
0.1747,0.165778,0.165778
0.17475,0.165777,0.165777
0.1748,0.165776,0.165776
0.17485,0.165776,0.165776
0.1749,0.165775,0.165775
0.17495,0.165774,0.165774
0.175,0.165773,0.165773
0.17505,0.165773,0.165773
0.1751,0.165772,0.165772
0.17515,0.165771,0.165771
0.1752,0.16577,0.16577
0.17525,0.16577,0.16577
0.1753,0.165769,0.165769
0.17535,0.165768,0.165768
0.1754,0.165767,0.165767
0.17545,0.165767,0.165767
0.1755,0.165766,0.165766
0.17555,0.165765,0.165765
0.1756,0.165764,0.165764
0.17565,0.165763,0.165763
0.1757,0.165763,0.165763
0.17575,0.165762,0.165762
0.1758,0.165761,0.165761
0.17585,0.16576,0.16576
0.1759,0.16576,0.16576
0.17595,0.165759,0.165759
0.176,0.165758,0.165758
0.17605,0.165757,0.165757
0.1761,0.165756,0.165756
0.17615,0.165756,0.165756
0.1762,0.165755,0.165755
0.17625,0.165754,0.165754
0.1763,0.165753,0.165753
0.17635,0.165753,0.165753
0.1764,0.165752,0.165752
0.17645,0.165751,0.165751
0.1765,0.16575,0.16575
0.17655,0.165749,0.165749
0.1766,0.165749,0.165749
0.17665,0.165748,0.165748
0.1767,0.165747,0.165747
0.17675,0.165746,0.165746
0.1768,0.165746,0.165746
0.17685,0.165745,0.165745
0.1769,0.165744,0.165744
0.17695,0.165743,0.165743
0.177,0.165742,0.165742
0.17705,0.165742,0.165742
0.1771,0.165741,0.165741
0.17715,0.16574,0.16574
0.1772,0.165739,0.165739
0.17725,0.165739,0.165739
0.1773,0.165738,0.165738
0.17735,0.165737,0.165737
0.1774,0.165736,0.165736
0.17745,0.165735,0.165735
0.1775,0.165735,0.165735
0.17755,0.165734,0.165734
0.1776,0.165733,0.165733
0.17765,0.165732,0.165732
0.1777,0.165731,0.165731
0.17775,0.165731,0.165731
0.1778,0.16573,0.16573
0.17785,0.165729,0.165729
0.1779,0.165728,0.165728
0.17795,0.165727,0.165727
0.178,0.165727,0.165727
0.17805,0.165726,0.165726
0.1781,0.165725,0.165725
0.17815,0.165724,0.165724
0.1782,0.165724,0.165724
0.17825,0.165723,0.165723
0.1783,0.165722,0.165722
0.17835,0.165721,0.165721
0.1784,0.16572,0.16572
0.17845,0.16572,0.16572
0.1785,0.165719,0.165719
0.17855,0.165718,0.165718
0.1786,0.165717,0.165717
0.17865,0.165716,0.165716
0.1787,0.165716,0.165716
0.17875,0.165715,0.165715
0.1788,0.165714,0.165714
0.17885,0.165713,0.165713
0.1789,0.165712,0.165712
0.17895,0.165712,0.165712
0.179,0.165711,0.165711
0.17905,0.16571,0.16571
0.1791,0.165709,0.165709
0.17915,0.165708,0.165708
0.1792,0.165708,0.165708
0.17925,0.165707,0.165707
0.1793,0.165706,0.165706
0.17935,0.165705,0.165705
0.1794,0.165704,0.165704
0.17945,0.165704,0.165704
0.1795,0.165703,0.165703
0.17955,0.165702,0.165702
0.1796,0.165701,0.165701
0.17965,0.1657,0.1657
0.1797,0.1657,0.1657
0.17975,0.165699,0.165699
0.1798,0.165698,0.165698
0.17985,0.165697,0.165697
0.1799,0.165696,0.165696
0.17995,0.165695,0.165695
0.18,0.165695,0.165695
0.18005,0.165694,0.165694
0.1801,0.165693,0.165693
0.18015,0.165692,0.165692
0.1802,0.165691,0.165691
0.18025,0.165691,0.165691
0.1803,0.16569,0.16569
0.18035,0.165689,0.165689
0.1804,0.165688,0.165688
0.18045,0.165687,0.165687
0.1805,0.165687,0.165687
0.18055,0.165686,0.165686
0.1806,0.165685,0.165685
0.18065,0.165684,0.165684
0.1807,0.165683,0.165683
0.18075,0.165682,0.165682
0.1808,0.165682,0.165682
0.18085,0.165681,0.165681
0.1809,0.16568,0.16568
0.18095,0.165679,0.165679
0.181,0.165678,0.165678
0.18105,0.165678,0.165678
0.1811,0.165677,0.165677
0.18115,0.165676,0.165676
0.1812,0.165675,0.165675
0.18125,0.165674,0.165674
0.1813,0.165673,0.165673
0.18135,0.165673,0.165673
0.1814,0.165672,0.165672
0.18145,0.165671,0.165671
0.1815,0.16567,0.16567
0.18155,0.165669,0.165669
0.1816,0.165669,0.165669
0.18165,0.165668,0.165668
0.1817,0.165667,0.165667
0.18175,0.165666,0.165666
0.1818,0.165665,0.165665
0.18185,0.165664,0.165664
0.1819,0.165664,0.165664
0.18195,0.165663,0.165663
0.182,0.165662,0.165662
0.18205,0.165661,0.165661
0.1821,0.16566,0.16566
0.18215,0.165659,0.165659
0.1822,0.165659,0.165659
0.18225,0.165658,0.165658
0.1823,0.165657,0.165657
0.18235,0.165656,0.165656
0.1824,0.165655,0.165655
0.18245,0.165654,0.165654
0.1825,0.165654,0.165654
0.18255,0.165653,0.165653
0.1826,0.165652,0.165652
0.18265,0.165651,0.165651
0.1827,0.16565,0.16565
0.18275,0.165649,0.165649
0.1828,0.165649,0.165649
0.18285,0.165648,0.165648
0.1829,0.165647,0.165647
0.18295,0.165646,0.165646
0.183,0.165645,0.165645
0.18305,0.165644,0.165644
0.1831,0.165644,0.165644
0.18315,0.165643,0.165643
0.1832,0.165642,0.165642
0.18325,0.165641,0.165641
0.1833,0.16564,0.16564
0.18335,0.165639,0.165639
0.1834,0.165639,0.165639
0.18345,0.165638,0.165638
0.1835,0.165637,0.165637
0.18355,0.165636,0.165636
0.1836,0.165635,0.165635
0.18365,0.165634,0.165634
0.1837,0.165633,0.165633
0.18375,0.165633,0.165633
0.1838,0.165632,0.165632
0.18385,0.165631,0.165631
0.1839,0.16563,0.16563
0.18395,0.165629,0.165629
0.184,0.165628,0.165628
0.18405,0.165628,0.165628
0.1841,0.165627,0.165627
0.18415,0.165626,0.165626
0.1842,0.165625,0.165625
0.18425,0.165624,0.165624
0.1843,0.165623,0.165623
0.18435,0.165622,0.165622
0.1844,0.165622,0.165622
0.18445,0.165621,0.165621
0.1845,0.16562,0.16562
0.18455,0.165619,0.165619
0.1846,0.165618,0.165618
0.18465,0.165617,0.165617
0.1847,0.165617,0.165617
0.18475,0.165616,0.165616
0.1848,0.165615,0.165615
0.18485,0.165614,0.165614
0.1849,0.165613,0.165613
0.18495,0.165612,0.165612
0.185,0.165611,0.165611
0.18505,0.165611,0.165611
0.1851,0.16561,0.16561
0.18515,0.165609,0.165609
0.1852,0.165608,0.165608
0.18525,0.165607,0.165607
0.1853,0.165606,0.165606
0.18535,0.165605,0.165605
0.1854,0.165605,0.165605
0.18545,0.165604,0.165604
0.1855,0.165603,0.165603
0.18555,0.165602,0.165602
0.1856,0.165601,0.165601
0.18565,0.1656,0.1656
0.1857,0.165599,0.165599
0.18575,0.165599,0.165599
0.1858,0.165598,0.165598
0.18585,0.165597,0.165597
0.1859,0.165596,0.165596
0.18595,0.165595,0.165595
0.186,0.165594,0.165594
0.18605,0.165593,0.165593
0.1861,0.165592,0.165592
0.18615,0.165592,0.165592
0.1862,0.165591,0.165591
0.18625,0.16559,0.16559
0.1863,0.165589,0.165589
0.18635,0.165588,0.165588
0.1864,0.165587,0.165587
0.18645,0.165586,0.165586
0.1865,0.165586,0.165586
0.18655,0.165585,0.165585
0.1866,0.165584,0.165584
0.18665,0.165583,0.165583
0.1867,0.165582,0.165582
0.18675,0.165581,0.165581
0.1868,0.16558,0.16558
0.18685,0.165579,0.165579
0.1869,0.165579,0.165579
0.18695,0.165578,0.165578
0.187,0.165577,0.165577
0.18705,0.165576,0.165576
0.1871,0.165575,0.165575
0.18715,0.165574,0.165574
0.1872,0.165573,0.165573
0.18725,0.165572,0.165572
0.1873,0.165572,0.165572
0.18735,0.165571,0.165571
0.1874,0.16557,0.16557
0.18745,0.165569,0.165569
0.1875,0.165568,0.165568
0.18755,0.165567,0.165567
0.1876,0.165566,0.165566
0.18765,0.165565,0.165565
0.1877,0.165565,0.165565
0.18775,0.165564,0.165564
0.1878,0.165563,0.165563
0.18785,0.165562,0.165562
0.1879,0.165561,0.165561
0.18795,0.16556,0.16556
0.188,0.165559,0.165559
0.18805,0.165558,0.165558
0.1881,0.165557,0.165557
0.18815,0.165557,0.165557
0.1882,0.165556,0.165556
0.18825,0.165555,0.165555
0.1883,0.165554,0.165554
0.18835,0.165553,0.165553
0.1884,0.165552,0.165552
0.18845,0.165551,0.165551
0.1885,0.16555,0.16555
0.18855,0.165549,0.165549
0.1886,0.165549,0.165549
0.18865,0.165548,0.165548
0.1887,0.165547,0.165547
0.18875,0.165546,0.165546
0.1888,0.165545,0.165545
0.18885,0.165544,0.165544
0.1889,0.165543,0.165543
0.18895,0.165542,0.165542
0.189,0.165541,0.165541
0.18905,0.165541,0.165541
0.1891,0.16554,0.16554
0.18915,0.165539,0.165539
0.1892,0.165538,0.165538
0.18925,0.165537,0.165537
0.1893,0.165536,0.165536
0.18935,0.165535,0.165535
0.1894,0.165534,0.165534
0.18945,0.165533,0.165533
0.1895,0.165533,0.165533
0.18955,0.165532,0.165532
0.1896,0.165531,0.165531
0.18965,0.16553,0.16553
0.1897,0.165529,0.165529
0.18975,0.165528,0.165528
0.1898,0.165527,0.165527
0.18985,0.165526,0.165526
0.1899,0.165525,0.165525
0.18995,0.165524,0.165524
0.19,0.165523,0.165524
0.19005,0.165523,0.165523
0.1901,0.165522,0.165522
0.19015,0.165521,0.165521
0.1902,0.16552,0.16552
0.19025,0.165519,0.165519
0.1903,0.165518,0.165518
0.19035,0.165517,0.165517
0.1904,0.165516,0.165516
0.19045,0.165515,0.165515
0.1905,0.165514,0.165514
0.19055,0.165514,0.165514
0.1906,0.165513,0.165513
0.19065,0.165512,0.165512
0.1907,0.165511,0.165511
0.19075,0.16551,0.16551
0.1908,0.165509,0.165509
0.19085,0.165508,0.165508
0.1909,0.165507,0.165507
0.19095,0.165506,0.165506
0.191,0.165505,0.165505
0.19105,0.165504,0.165504
0.1911,0.165504,0.165504
0.19115,0.165503,0.165503
0.1912,0.165502,0.165502
0.19125,0.165501,0.165501
0.1913,0.1655,0.1655
0.19135,0.165499,0.165499
0.1914,0.165498,0.165498
0.19145,0.165497,0.165497
0.1915,0.165496,0.165496
0.19155,0.165495,0.165495
0.1916,0.165494,0.165494
0.19165,0.165493,0.165493
0.1917,0.165493,0.165493
0.19175,0.165492,0.165492
0.1918,0.165491,0.165491
0.19185,0.16549,0.16549
0.1919,0.165489,0.165489
0.19195,0.165488,0.165488
0.192,0.165487,0.165487
0.19205,0.165486,0.165486
0.1921,0.165485,0.165485
0.19215,0.165484,0.165484
0.1922,0.165483,0.165483
0.19225,0.165482,0.165482
0.1923,0.165481,0.165481
0.19235,0.165481,0.165481
0.1924,0.16548,0.16548
0.19245,0.165479,0.165479
0.1925,0.165478,0.165478
0.19255,0.165477,0.165477
0.1926,0.165476,0.165476
0.19265,0.165475,0.165475
0.1927,0.165474,0.165474
0.19275,0.165473,0.165473
0.1928,0.165472,0.165472
0.19285,0.165471,0.165471
0.1929,0.16547,0.16547
0.19295,0.165469,0.165469
0.193,0.165468,0.165468
0.19305,0.165468,0.165468
0.1931,0.165467,0.165467
0.19315,0.165466,0.165466
0.1932,0.165465,0.165465
0.19325,0.165464,0.165464
0.1933,0.165463,0.165463
0.19335,0.165462,0.165462
0.1934,0.165461,0.165461
0.19345,0.16546,0.16546
0.1935,0.165459,0.165459
0.19355,0.165458,0.165458
0.1936,0.165457,0.165457
0.19365,0.165456,0.165456
0.1937,0.165455,0.165455
0.19375,0.165454,0.165454
0.1938,0.165454,0.165454
0.19385,0.165453,0.165453
0.1939,0.165452,0.165452
0.19395,0.165451,0.165451
0.194,0.16545,0.16545
0.19405,0.165449,0.165449
0.1941,0.165448,0.165448
0.19415,0.165447,0.165447
0.1942,0.165446,0.165446
0.19425,0.165445,0.165445
0.1943,0.165444,0.165444
0.19435,0.165443,0.165443
0.1944,0.165442,0.165442
0.19445,0.165441,0.165441
0.1945,0.16544,0.16544
0.19455,0.165439,0.165439
0.1946,0.165438,0.165438
0.19465,0.165437,0.165437
0.1947,0.165437,0.165437
0.19475,0.165436,0.165436
0.1948,0.165435,0.165435
0.19485,0.165434,0.165434
0.1949,0.165433,0.165433
0.19495,0.165432,0.165432
0.195,0.165431,0.165431
0.19505,0.16543,0.16543
0.1951,0.165429,0.165429
0.19515,0.165428,0.165428
0.1952,0.165427,0.165427
0.19525,0.165426,0.165426
0.1953,0.165425,0.165425
0.19535,0.165424,0.165424
0.1954,0.165423,0.165423
0.19545,0.165422,0.165422
0.1955,0.165421,0.165421
0.19555,0.16542,0.16542
0.1956,0.165419,0.165419
0.19565,0.165418,0.165418
0.1957,0.165417,0.165417
0.19575,0.165417,0.165417
0.1958,0.165416,0.165416
0.19585,0.165415,0.165415
0.1959,0.165414,0.165414
0.19595,0.165413,0.165413
0.196,0.165412,0.165412
0.19605,0.165411,0.165411
0.1961,0.16541,0.16541
0.19615,0.165409,0.165409
0.1962,0.165408,0.165408
0.19625,0.165407,0.165407
0.1963,0.165406,0.165406
0.19635,0.165405,0.165405
0.1964,0.165404,0.165404
0.19645,0.165403,0.165403
0.1965,0.165402,0.165402
0.19655,0.165401,0.165401
0.1966,0.1654,0.1654
0.19665,0.165399,0.165399
0.1967,0.165398,0.165398
0.19675,0.165397,0.165397
0.1968,0.165396,0.165396
0.19685,0.165395,0.165395
0.1969,0.165394,0.165394
0.19695,0.165393,0.165393
0.197,0.165392,0.165392
0.19705,0.165391,0.165391
0.1971,0.16539,0.16539
0.19715,0.16539,0.16539
0.1972,0.165389,0.165389
0.19725,0.165388,0.165388
0.1973,0.165387,0.165387
0.19735,0.165386,0.165386
0.1974,0.165385,0.165385
0.19745,0.165384,0.165384
0.1975,0.165383,0.165383
0.19755,0.165382,0.165382
0.1976,0.165381,0.165381
0.19765,0.16538,0.16538
0.1977,0.165379,0.165379
0.19775,0.165378,0.165378
0.1978,0.165377,0.165377
0.19785,0.165376,0.165376
0.1979,0.165375,0.165375
0.19795,0.165374,0.165374
0.198,0.165373,0.165373
0.19805,0.165372,0.165372
0.1981,0.165371,0.165371
0.19815,0.16537,0.16537
0.1982,0.165369,0.165369
0.19825,0.165368,0.165368
0.1983,0.165367,0.165367
0.19835,0.165366,0.165366
0.1984,0.165365,0.165365
0.19845,0.165364,0.165364
0.1985,0.165363,0.165363
0.19855,0.165362,0.165362
0.1986,0.165361,0.165361
0.19865,0.16536,0.16536
0.1987,0.165359,0.165359
0.19875,0.165358,0.165358
0.1988,0.165357,0.165357
0.19885,0.165356,0.165356
0.1989,0.165355,0.165355
0.19895,0.165354,0.165354
0.199,0.165353,0.165353
0.19905,0.165352,0.165352
0.1991,0.165351,0.165351
0.19915,0.16535,0.16535
0.1992,0.165349,0.165349
0.19925,0.165348,0.165348
0.1993,0.165347,0.165347
0.19935,0.165346,0.165346
0.1994,0.165345,0.165345
0.19945,0.165344,0.165344
0.1995,0.165343,0.165343
0.19955,0.165342,0.165342
0.1996,0.165341,0.165341
0.19965,0.16534,0.16534
0.1997,0.165339,0.165339
0.19975,0.165338,0.165338
0.1998,0.165337,0.165337
0.19985,0.165336,0.165336
0.1999,0.165335,0.165335
0.19995,0.165334,0.165334
0.2,0.165333,0.165333
0.20005,0.165332,0.165332
0.2001,0.165331,0.165331
0.20015,0.16533,0.16533
0.2002,0.165329,0.165329
0.20025,0.165328,0.165328
0.2003,0.165327,0.165327
0.20035,0.165326,0.165326
0.2004,0.165325,0.165325
0.20045,0.165324,0.165324
0.2005,0.165323,0.165323
0.20055,0.165322,0.165322
0.2006,0.165321,0.165321
0.20065,0.16532,0.16532
0.2007,0.165319,0.165319
0.20075,0.165318,0.165318
0.2008,0.165317,0.165317
0.20085,0.165316,0.165316
0.2009,0.165315,0.165315
0.20095,0.165314,0.165314
0.201,0.165313,0.165313
0.20105,0.165312,0.165312
0.2011,0.165311,0.165311
0.20115,0.16531,0.16531
0.2012,0.165309,0.165309
0.20125,0.165308,0.165308
0.2013,0.165307,0.165307
0.20135,0.165306,0.165306
0.2014,0.165305,0.165305
0.20145,0.165304,0.165304
0.2015,0.165303,0.165303
0.20155,0.165302,0.165302
0.2016,0.165301,0.165301
0.20165,0.1653,0.1653
0.2017,0.165299,0.165299
0.20175,0.165298,0.165298
0.2018,0.165297,0.165297
0.20185,0.165296,0.165296
0.2019,0.165295,0.165295
0.20195,0.165294,0.165294
0.202,0.165293,0.165293
0.20205,0.165292,0.165292
0.2021,0.165291,0.165291
0.20215,0.16529,0.16529
0.2022,0.165289,0.165289
0.20225,0.165288,0.165288
0.2023,0.165287,0.165287
0.20235,0.165286,0.165286
0.2024,0.165285,0.165285
0.20245,0.165284,0.165284
0.2025,0.165283,0.165283
0.20255,0.165282,0.165282
0.2026,0.165281,0.165281
0.20265,0.16528,0.16528
0.2027,0.165279,0.165279
0.20275,0.165278,0.165278
0.2028,0.165277,0.165277
0.20285,0.165276,0.165276
0.2029,0.165274,0.165274
0.20295,0.165273,0.165273
0.203,0.165272,0.165272
0.20305,0.165271,0.165271
0.2031,0.16527,0.16527
0.20315,0.165269,0.165269
0.2032,0.165268,0.165268
0.20325,0.165267,0.165267
0.2033,0.165266,0.165266
0.20335,0.165265,0.165265
0.2034,0.165264,0.165264
0.20345,0.165263,0.165263
0.2035,0.165262,0.165262
0.20355,0.165261,0.165261
0.2036,0.16526,0.16526
0.20365,0.165259,0.165259
0.2037,0.165258,0.165258
0.20375,0.165257,0.165257
0.2038,0.165256,0.165256
0.20385,0.165255,0.165255
0.2039,0.165254,0.165254
0.20395,0.165253,0.165253
0.204,0.165252,0.165252
0.20405,0.165251,0.165251
0.2041,0.16525,0.16525
0.20415,0.165249,0.165249
0.2042,0.165248,0.165248
0.20425,0.165247,0.165247
0.2043,0.165245,0.165245
0.20435,0.165244,0.165244
0.2044,0.165243,0.165243
0.20445,0.165242,0.165242
0.2045,0.165241,0.165241
0.20455,0.16524,0.16524
0.2046,0.165239,0.165239
0.20465,0.165238,0.165238
0.2047,0.165237,0.165237
0.20475,0.165236,0.165236
0.2048,0.165235,0.165235
0.20485,0.165234,0.165234
0.2049,0.165233,0.165233
0.20495,0.165232,0.165232
0.205,0.165231,0.165231
0.20505,0.16523,0.16523
0.2051,0.165229,0.165229
0.20515,0.165228,0.165228
0.2052,0.165227,0.165227
0.20525,0.165226,0.165226
0.2053,0.165224,0.165224
0.20535,0.165223,0.165223
0.2054,0.165222,0.165222
0.20545,0.165221,0.165221
0.2055,0.16522,0.16522
0.20555,0.165219,0.165219
0.2056,0.165218,0.165218
0.20565,0.165217,0.165217
0.2057,0.165216,0.165216
0.20575,0.165215,0.165215
0.2058,0.165214,0.165214
0.20585,0.165213,0.165213
0.2059,0.165212,0.165212
0.20595,0.165211,0.165211
0.206,0.16521,0.16521
0.20605,0.165209,0.165209
0.2061,0.165208,0.165208
0.20615,0.165207,0.165207
0.2062,0.165205,0.165205
0.20625,0.165204,0.165204
0.2063,0.165203,0.165203
0.20635,0.165202,0.165202
0.2064,0.165201,0.165201
0.20645,0.1652,0.1652
0.2065,0.165199,0.165199
0.20655,0.165198,0.165198
0.2066,0.165197,0.165197
0.20665,0.165196,0.165196
0.2067,0.165195,0.165195
0.20675,0.165194,0.165194
0.2068,0.165193,0.165193
0.20685,0.165192,0.165192
0.2069,0.165191,0.165191
0.20695,0.165189,0.165189
0.207,0.165188,0.165188
0.20705,0.165187,0.165187
0.2071,0.165186,0.165186
0.20715,0.165185,0.165185
0.2072,0.165184,0.165184
0.20725,0.165183,0.165183
0.2073,0.165182,0.165182
0.20735,0.165181,0.165181
0.2074,0.16518,0.16518
0.20745,0.165179,0.165179
0.2075,0.165178,0.165178
0.20755,0.165177,0.165177
0.2076,0.165175,0.165175
0.20765,0.165174,0.165174
0.2077,0.165173,0.165173
0.20775,0.165172,0.165172
0.2078,0.165171,0.165171
0.20785,0.16517,0.16517
0.2079,0.165169,0.165169
0.20795,0.165168,0.165168
0.208,0.165167,0.165167
0.20805,0.165166,0.165166
0.2081,0.165165,0.165165
0.20815,0.165164,0.165164
0.2082,0.165163,0.165163
0.20825,0.165161,0.165161
0.2083,0.16516,0.16516
0.20835,0.165159,0.165159
0.2084,0.165158,0.165158
0.20845,0.165157,0.165157
0.2085,0.165156,0.165156
0.20855,0.165155,0.165155
0.2086,0.165154,0.165154
0.20865,0.165153,0.165153
0.2087,0.165152,0.165152
0.20875,0.165151,0.165151
0.2088,0.165149,0.165149
0.20885,0.165148,0.165148
0.2089,0.165147,0.165147
0.20895,0.165146,0.165146
0.209,0.165145,0.165145
0.20905,0.165144,0.165144
0.2091,0.165143,0.165143
0.20915,0.165142,0.165142
0.2092,0.165141,0.165141
0.20925,0.16514,0.16514
0.2093,0.165139,0.165139
0.20935,0.165137,0.165137
0.2094,0.165136,0.165136
0.20945,0.165135,0.165135
0.2095,0.165134,0.165134
0.20955,0.165133,0.165133
0.2096,0.165132,0.165132
0.20965,0.165131,0.165131
0.2097,0.16513,0.16513
0.20975,0.165129,0.165129
0.2098,0.165128,0.165128
0.20985,0.165126,0.165126
0.2099,0.165125,0.165125
0.20995,0.165124,0.165124
0.21,0.165123,0.165123
0.21005,0.165122,0.165122
0.2101,0.165121,0.165121
0.21015,0.16512,0.16512
0.2102,0.165119,0.165119
0.21025,0.165118,0.165118
0.2103,0.165117,0.165117
0.21035,0.165115,0.165115
0.2104,0.165114,0.165114
0.21045,0.165113,0.165113
0.2105,0.165112,0.165112
0.21055,0.165111,0.165111
0.2106,0.16511,0.16511
0.21065,0.165109,0.165109
0.2107,0.165108,0.165108
0.21075,0.165107,0.165107
0.2108,0.165105,0.165105
0.21085,0.165104,0.165104
0.2109,0.165103,0.165103
0.21095,0.165102,0.165102
0.211,0.165101,0.165101
0.21105,0.1651,0.1651
0.2111,0.165099,0.165099
0.21115,0.165098,0.165098
0.2112,0.165097,0.165097
0.21125,0.165095,0.165095
0.2113,0.165094,0.165094
0.21135,0.165093,0.165093
0.2114,0.165092,0.165092
0.21145,0.165091,0.165091
0.2115,0.16509,0.16509
0.21155,0.165089,0.165089
0.2116,0.165088,0.165088
0.21165,0.165086,0.165086
0.2117,0.165085,0.165085
0.21175,0.165084,0.165084
0.2118,0.165083,0.165083
0.21185,0.165082,0.165082
0.2119,0.165081,0.165081
0.21195,0.16508,0.16508
0.212,0.165079,0.165079
0.21205,0.165078,0.165078
0.2121,0.165076,0.165076
0.21215,0.165075,0.165075
0.2122,0.165074,0.165074
0.21225,0.165073,0.165073
0.2123,0.165072,0.165072
0.21235,0.165071,0.165071
0.2124,0.16507,0.16507
0.21245,0.165069,0.165069
0.2125,0.165067,0.165067
0.21255,0.165066,0.165066
0.2126,0.165065,0.165065
0.21265,0.165064,0.165064
0.2127,0.165063,0.165063
0.21275,0.165062,0.165062
0.2128,0.165061,0.165061
0.21285,0.165059,0.165059
0.2129,0.165058,0.165058
0.21295,0.165057,0.165057
0.213,0.165056,0.165056
0.21305,0.165055,0.165055
0.2131,0.165054,0.165054
0.21315,0.165053,0.165053
0.2132,0.165052,0.165052
0.21325,0.16505,0.16505
0.2133,0.165049,0.165049
0.21335,0.165048,0.165048
0.2134,0.165047,0.165047
0.21345,0.165046,0.165046
0.2135,0.165045,0.165045
0.21355,0.165044,0.165044
0.2136,0.165042,0.165042
0.21365,0.165041,0.165041
0.2137,0.16504,0.16504
0.21375,0.165039,0.165039
0.2138,0.165038,0.165038
0.21385,0.165037,0.165037
0.2139,0.165036,0.165036
0.21395,0.165034,0.165034
0.214,0.165033,0.165033
0.21405,0.165032,0.165032
0.2141,0.165031,0.165031
0.21415,0.16503,0.16503
0.2142,0.165029,0.165029
0.21425,0.165028,0.165028
0.2143,0.165026,0.165026
0.21435,0.165025,0.165025
0.2144,0.165024,0.165024
0.21445,0.165023,0.165023
0.2145,0.165022,0.165022
0.21455,0.165021,0.165021
0.2146,0.165019,0.165019
0.21465,0.165018,0.165018
0.2147,0.165017,0.165017
0.21475,0.165016,0.165016
0.2148,0.165015,0.165015
0.21485,0.165014,0.165014
0.2149,0.165013,0.165013
0.21495,0.165011,0.165011
0.215,0.16501,0.16501
0.21505,0.165009,0.165009
0.2151,0.165008,0.165008
0.21515,0.165007,0.165007
0.2152,0.165006,0.165006
0.21525,0.165004,0.165004
0.2153,0.165003,0.165003
0.21535,0.165002,0.165002
0.2154,0.165001,0.165001
0.21545,0.165,0.165
0.2155,0.164999,0.164999
0.21555,0.164998,0.164998
0.2156,0.164996,0.164996
0.21565,0.164995,0.164995
0.2157,0.164994,0.164994
0.21575,0.164993,0.164993
0.2158,0.164992,0.164992
0.21585,0.164991,0.164991
0.2159,0.164989,0.164989
0.21595,0.164988,0.164988
0.216,0.164987,0.164987
0.21605,0.164986,0.164986
0.2161,0.164985,0.164985
0.21615,0.164984,0.164984
0.2162,0.164982,0.164982
0.21625,0.164981,0.164981
0.2163,0.16498,0.16498
0.21635,0.164979,0.164979
0.2164,0.164978,0.164978
0.21645,0.164977,0.164977
0.2165,0.164975,0.164975
0.21655,0.164974,0.164974
0.2166,0.164973,0.164973
0.21665,0.164972,0.164972
0.2167,0.164971,0.164971
0.21675,0.164969,0.164969
0.2168,0.164968,0.164968
0.21685,0.164967,0.164967
0.2169,0.164966,0.164966
0.21695,0.164965,0.164965
0.217,0.164964,0.164964
0.21705,0.164962,0.164962
0.2171,0.164961,0.164961
0.21715,0.16496,0.16496
0.2172,0.164959,0.164959
0.21725,0.164958,0.164958
0.2173,0.164957,0.164957
0.21735,0.164955,0.164955
0.2174,0.164954,0.164954
0.21745,0.164953,0.164953
0.2175,0.164952,0.164952
0.21755,0.164951,0.164951
0.2176,0.164949,0.164949
0.21765,0.164948,0.164948
0.2177,0.164947,0.164947
0.21775,0.164946,0.164946
0.2178,0.164945,0.164945
0.21785,0.164944,0.164944
0.2179,0.164942,0.164942
0.21795,0.164941,0.164941
0.218,0.16494,0.16494
0.21805,0.164939,0.164939
0.2181,0.164938,0.164938
0.21815,0.164936,0.164936
0.2182,0.164935,0.164935
0.21825,0.164934,0.164934
0.2183,0.164933,0.164933
0.21835,0.164932,0.164932
0.2184,0.16493,0.16493
0.21845,0.164929,0.164929
0.2185,0.164928,0.164928
0.21855,0.164927,0.164927
0.2186,0.164926,0.164926
0.21865,0.164924,0.164924
0.2187,0.164923,0.164923
0.21875,0.164922,0.164922
0.2188,0.164921,0.164921
0.21885,0.16492,0.16492
0.2189,0.164918,0.164918
0.21895,0.164917,0.164917
0.219,0.164916,0.164916
0.21905,0.164915,0.164915
0.2191,0.164914,0.164914
0.21915,0.164912,0.164912
0.2192,0.164911,0.164911
0.21925,0.16491,0.16491
0.2193,0.164909,0.164909
0.21935,0.164908,0.164908
0.2194,0.164906,0.164906
0.21945,0.164905,0.164905
0.2195,0.164904,0.164904
0.21955,0.164903,0.164903
0.2196,0.164902,0.164902
0.21965,0.1649,0.1649
0.2197,0.164899,0.164899
0.21975,0.164898,0.164898
0.2198,0.164897,0.164897
0.21985,0.164896,0.164896
0.2199,0.164894,0.164894
0.21995,0.164893,0.164893
0.22,0.164892,0.164892
0.22005,0.164891,0.164891
0.2201,0.16489,0.16489
0.22015,0.164888,0.164888
0.2202,0.164887,0.164887
0.22025,0.164886,0.164886
0.2203,0.164885,0.164885
0.22035,0.164884,0.164884
0.2204,0.164882,0.164882
0.22045,0.164881,0.164881
0.2205,0.16488,0.16488
0.22055,0.164879,0.164879
0.2206,0.164877,0.164877
0.22065,0.164876,0.164876
0.2207,0.164875,0.164875
0.22075,0.164874,0.164874
0.2208,0.164873,0.164873
0.22085,0.164871,0.164871
0.2209,0.16487,0.16487
0.22095,0.164869,0.164869
0.221,0.164868,0.164868
0.22105,0.164866,0.164866
0.2211,0.164865,0.164865
0.22115,0.164864,0.164864
0.2212,0.164863,0.164863
0.22125,0.164862,0.164862
0.2213,0.16486,0.16486
0.22135,0.164859,0.164859
0.2214,0.164858,0.164858
0.22145,0.164857,0.164857
0.2215,0.164855,0.164855
0.22155,0.164854,0.164854
0.2216,0.164853,0.164853
0.22165,0.164852,0.164852
0.2217,0.164851,0.164851
0.22175,0.164849,0.164849
0.2218,0.164848,0.164848
0.22185,0.164847,0.164847
0.2219,0.164846,0.164846
0.22195,0.164844,0.164844
0.222,0.164843,0.164843
0.22205,0.164842,0.164842
0.2221,0.164841,0.164841
0.22215,0.164839,0.164839
0.2222,0.164838,0.164838
0.22225,0.164837,0.164837
0.2223,0.164836,0.164836
0.22235,0.164835,0.164835
0.2224,0.164833,0.164833
0.22245,0.164832,0.164832
0.2225,0.164831,0.164831
0.22255,0.16483,0.16483
0.2226,0.164828,0.164828
0.22265,0.164827,0.164827
0.2227,0.164826,0.164826
0.22275,0.164825,0.164825
0.2228,0.164823,0.164823
0.22285,0.164822,0.164822
0.2229,0.164821,0.164821
0.22295,0.16482,0.16482
0.223,0.164818,0.164818
0.22305,0.164817,0.164817
0.2231,0.164816,0.164816
0.22315,0.164815,0.164815
0.2232,0.164813,0.164813
0.22325,0.164812,0.164812
0.2233,0.164811,0.164811
0.22335,0.16481,0.16481
0.2234,0.164808,0.164808
0.22345,0.164807,0.164807
0.2235,0.164806,0.164806
0.22355,0.164805,0.164805
0.2236,0.164803,0.164803
0.22365,0.164802,0.164802
0.2237,0.164801,0.164801
0.22375,0.1648,0.1648
0.2238,0.164798,0.164798
0.22385,0.164797,0.164797
0.2239,0.164796,0.164796
0.22395,0.164795,0.164795
0.224,0.164793,0.164793
0.22405,0.164792,0.164792
0.2241,0.164791,0.164791
0.22415,0.16479,0.16479
0.2242,0.164788,0.164788
0.22425,0.164787,0.164787
0.2243,0.164786,0.164786
0.22435,0.164785,0.164785
0.2244,0.164783,0.164783
0.22445,0.164782,0.164782
0.2245,0.164781,0.164781
0.22455,0.16478,0.16478
0.2246,0.164778,0.164778
0.22465,0.164777,0.164777
0.2247,0.164776,0.164776
0.22475,0.164775,0.164775
0.2248,0.164773,0.164773
0.22485,0.164772,0.164772
0.2249,0.164771,0.164771
0.22495,0.164769,0.164769
0.225,0.164768,0.164768
0.22505,0.164767,0.164767
0.2251,0.164766,0.164766
0.22515,0.164764,0.164764
0.2252,0.164763,0.164763
0.22525,0.164762,0.164762
0.2253,0.164761,0.164761
0.22535,0.164759,0.164759
0.2254,0.164758,0.164758
0.22545,0.164757,0.164757
0.2255,0.164756,0.164756
0.22555,0.164754,0.164754
0.2256,0.164753,0.164753
0.22565,0.164752,0.164752
0.2257,0.16475,0.16475
0.22575,0.164749,0.164749
0.2258,0.164748,0.164748
0.22585,0.164747,0.164747
0.2259,0.164745,0.164745
0.22595,0.164744,0.164744
0.226,0.164743,0.164743
0.22605,0.164742,0.164742
0.2261,0.16474,0.16474
0.22615,0.164739,0.164739
0.2262,0.164738,0.164738
0.22625,0.164736,0.164736
0.2263,0.164735,0.164735
0.22635,0.164734,0.164734
0.2264,0.164733,0.164733
0.22645,0.164731,0.164731
0.2265,0.16473,0.16473
0.22655,0.164729,0.164729
0.2266,0.164727,0.164727
0.22665,0.164726,0.164726
0.2267,0.164725,0.164725
0.22675,0.164724,0.164724
0.2268,0.164722,0.164722
0.22685,0.164721,0.164721
0.2269,0.16472,0.16472
0.22695,0.164718,0.164718
0.227,0.164717,0.164717
0.22705,0.164716,0.164716
0.2271,0.164715,0.164715
0.22715,0.164713,0.164713
0.2272,0.164712,0.164712
0.22725,0.164711,0.164711
0.2273,0.164709,0.164709
0.22735,0.164708,0.164708
0.2274,0.164707,0.164707
0.22745,0.164706,0.164706
0.2275,0.164704,0.164704
0.22755,0.164703,0.164703
0.2276,0.164702,0.164702
0.22765,0.1647,0.1647
0.2277,0.164699,0.164699
0.22775,0.164698,0.164698
0.2278,0.164696,0.164696
0.22785,0.164695,0.164695
0.2279,0.164694,0.164694
0.22795,0.164693,0.164693
0.228,0.164691,0.164691
0.22805,0.16469,0.16469
0.2281,0.164689,0.164689
0.22815,0.164687,0.164687
0.2282,0.164686,0.164686
0.22825,0.164685,0.164685
0.2283,0.164683,0.164683
0.22835,0.164682,0.164682
0.2284,0.164681,0.164681
0.22845,0.16468,0.16468
0.2285,0.164678,0.164678
0.22855,0.164677,0.164677
0.2286,0.164676,0.164676
0.22865,0.164674,0.164674
0.2287,0.164673,0.164673
0.22875,0.164672,0.164672
0.2288,0.16467,0.16467
0.22885,0.164669,0.164669
0.2289,0.164668,0.164668
0.22895,0.164666,0.164666
0.229,0.164665,0.164665
0.22905,0.164664,0.164664
0.2291,0.164663,0.164663
0.22915,0.164661,0.164661
0.2292,0.16466,0.16466
0.22925,0.164659,0.164659
0.2293,0.164657,0.164657
0.22935,0.164656,0.164656
0.2294,0.164655,0.164655
0.22945,0.164653,0.164653
0.2295,0.164652,0.164652
0.22955,0.164651,0.164651
0.2296,0.164649,0.164649
0.22965,0.164648,0.164648
0.2297,0.164647,0.164647
0.22975,0.164645,0.164645
0.2298,0.164644,0.164644
0.22985,0.164643,0.164643
0.2299,0.164641,0.164641
0.22995,0.16464,0.16464
0.23,0.164639,0.164639
0.23005,0.164638,0.164638
0.2301,0.164636,0.164636
0.23015,0.164635,0.164635
0.2302,0.164634,0.164634
0.23025,0.164632,0.164632
0.2303,0.164631,0.164631
0.23035,0.16463,0.16463
0.2304,0.164628,0.164628
0.23045,0.164627,0.164627
0.2305,0.164626,0.164626
0.23055,0.164624,0.164624
0.2306,0.164623,0.164623
0.23065,0.164622,0.164622
0.2307,0.16462,0.16462
0.23075,0.164619,0.164619
0.2308,0.164618,0.164618
0.23085,0.164616,0.164616
0.2309,0.164615,0.164615
0.23095,0.164614,0.164614
0.231,0.164612,0.164612
0.23105,0.164611,0.164611
0.2311,0.16461,0.16461
0.23115,0.164608,0.164608
0.2312,0.164607,0.164607
0.23125,0.164606,0.164606
0.2313,0.164604,0.164604
0.23135,0.164603,0.164603
0.2314,0.164602,0.164602
0.23145,0.1646,0.1646
0.2315,0.164599,0.164599
0.23155,0.164598,0.164598
0.2316,0.164596,0.164596
0.23165,0.164595,0.164595
0.2317,0.164594,0.164594
0.23175,0.164592,0.164592
0.2318,0.164591,0.164591
0.23185,0.16459,0.16459
0.2319,0.164588,0.164588
0.23195,0.164587,0.164587
0.232,0.164585,0.164585
0.23205,0.164584,0.164584
0.2321,0.164583,0.164583
0.23215,0.164581,0.164581
0.2322,0.16458,0.16458
0.23225,0.164579,0.164579
0.2323,0.164577,0.164577
0.23235,0.164576,0.164576
0.2324,0.164575,0.164575
0.23245,0.164573,0.164573
0.2325,0.164572,0.164572
0.23255,0.164571,0.164571
0.2326,0.164569,0.164569
0.23265,0.164568,0.164568
0.2327,0.164567,0.164567
0.23275,0.164565,0.164565
0.2328,0.164564,0.164564
0.23285,0.164563,0.164563
0.2329,0.164561,0.164561
0.23295,0.16456,0.16456
0.233,0.164558,0.164558
0.23305,0.164557,0.164557
0.2331,0.164556,0.164556
0.23315,0.164554,0.164554
0.2332,0.164553,0.164553
0.23325,0.164552,0.164552
0.2333,0.16455,0.16455
0.23335,0.164549,0.164549
0.2334,0.164548,0.164548
0.23345,0.164546,0.164546
0.2335,0.164545,0.164545
0.23355,0.164543,0.164543
0.2336,0.164542,0.164542
0.23365,0.164541,0.164541
0.2337,0.164539,0.164539
0.23375,0.164538,0.164538
0.2338,0.164537,0.164537
0.23385,0.164535,0.164535
0.2339,0.164534,0.164534
0.23395,0.164533,0.164533
0.234,0.164531,0.164531
0.23405,0.16453,0.16453
0.2341,0.164528,0.164528
0.23415,0.164527,0.164527
0.2342,0.164526,0.164526
0.23425,0.164524,0.164524
0.2343,0.164523,0.164523
0.23435,0.164522,0.164522
0.2344,0.16452,0.16452
0.23445,0.164519,0.164519
0.2345,0.164517,0.164517
0.23455,0.164516,0.164516
0.2346,0.164515,0.164515
0.23465,0.164513,0.164513
0.2347,0.164512,0.164512
0.23475,0.164511,0.164511
0.2348,0.164509,0.164509
0.23485,0.164508,0.164508
0.2349,0.164506,0.164506
0.23495,0.164505,0.164505
0.235,0.164504,0.164504
0.23505,0.164502,0.164502
0.2351,0.164501,0.164501
0.23515,0.1645,0.1645
0.2352,0.164498,0.164498
0.23525,0.164497,0.164497
0.2353,0.164495,0.164495
0.23535,0.164494,0.164494
0.2354,0.164493,0.164493
0.23545,0.164491,0.164491
0.2355,0.16449,0.16449
0.23555,0.164488,0.164488
0.2356,0.164487,0.164487
0.23565,0.164486,0.164486
0.2357,0.164484,0.164484
0.23575,0.164483,0.164483
0.2358,0.164482,0.164482
0.23585,0.16448,0.16448
0.2359,0.164479,0.164479
0.23595,0.164477,0.164477
0.236,0.164476,0.164476
0.23605,0.164475,0.164475
0.2361,0.164473,0.164473
0.23615,0.164472,0.164472
0.2362,0.16447,0.16447
0.23625,0.164469,0.164469
0.2363,0.164468,0.164468
0.23635,0.164466,0.164466
0.2364,0.164465,0.164465
0.23645,0.164463,0.164463
0.2365,0.164462,0.164462
0.23655,0.164461,0.164461
0.2366,0.164459,0.164459
0.23665,0.164458,0.164458
0.2367,0.164456,0.164456
0.23675,0.164455,0.164455
0.2368,0.164454,0.164454
0.23685,0.164452,0.164452
0.2369,0.164451,0.164451
0.23695,0.164449,0.164449
0.237,0.164448,0.164448
0.23705,0.164447,0.164447
0.2371,0.164445,0.164445
0.23715,0.164444,0.164444
0.2372,0.164442,0.164442
0.23725,0.164441,0.164441
0.2373,0.16444,0.16444
0.23735,0.164438,0.164438
0.2374,0.164437,0.164437
0.23745,0.164435,0.164435
0.2375,0.164434,0.164434
0.23755,0.164433,0.164433
0.2376,0.164431,0.164431
0.23765,0.16443,0.16443
0.2377,0.164428,0.164428
0.23775,0.164427,0.164427
0.2378,0.164425,0.164425
0.23785,0.164424,0.164424
0.2379,0.164423,0.164423
0.23795,0.164421,0.164421
0.238,0.16442,0.16442
0.23805,0.164418,0.164418
0.2381,0.164417,0.164417
0.23815,0.164416,0.164416
0.2382,0.164414,0.164414
0.23825,0.164413,0.164413
0.2383,0.164411,0.164411
0.23835,0.16441,0.16441
0.2384,0.164408,0.164408
0.23845,0.164407,0.164407
0.2385,0.164406,0.164406
0.23855,0.164404,0.164404
0.2386,0.164403,0.164403
0.23865,0.164401,0.164401
0.2387,0.1644,0.1644
0.23875,0.164398,0.164398
0.2388,0.164397,0.164397
0.23885,0.164396,0.164396
0.2389,0.164394,0.164394
0.23895,0.164393,0.164393
0.239,0.164391,0.164391
0.23905,0.16439,0.16439
0.2391,0.164388,0.164388
0.23915,0.164387,0.164387
0.2392,0.164386,0.164386
0.23925,0.164384,0.164384
0.2393,0.164383,0.164383
0.23935,0.164381,0.164381
0.2394,0.16438,0.16438
0.23945,0.164378,0.164378
0.2395,0.164377,0.164377
0.23955,0.164376,0.164376
0.2396,0.164374,0.164374
0.23965,0.164373,0.164373
0.2397,0.164371,0.164371
0.23975,0.16437,0.16437
0.2398,0.164368,0.164368
0.23985,0.164367,0.164367
0.2399,0.164366,0.164366
0.23995,0.164364,0.164364
0.24,0.164363,0.164363
0.24005,0.164361,0.164361
0.2401,0.16436,0.16436
0.24015,0.164358,0.164358
0.2402,0.164357,0.164357
0.24025,0.164355,0.164355
0.2403,0.164354,0.164354
0.24035,0.164353,0.164353
0.2404,0.164351,0.164351
0.24045,0.16435,0.16435
0.2405,0.164348,0.164348
0.24055,0.164347,0.164347
0.2406,0.164345,0.164345
0.24065,0.164344,0.164344
0.2407,0.164342,0.164342
0.24075,0.164341,0.164341
0.2408,0.16434,0.16434
0.24085,0.164338,0.164338
0.2409,0.164337,0.164337
0.24095,0.164335,0.164335
0.241,0.164334,0.164334
0.24105,0.164332,0.164332
0.2411,0.164331,0.164331
0.24115,0.164329,0.164329
0.2412,0.164328,0.164328
0.24125,0.164326,0.164326
0.2413,0.164325,0.164325
0.24135,0.164324,0.164324
0.2414,0.164322,0.164322
0.24145,0.164321,0.164321
0.2415,0.164319,0.164319
0.24155,0.164318,0.164318
0.2416,0.164316,0.164316
0.24165,0.164315,0.164315
0.2417,0.164313,0.164313
0.24175,0.164312,0.164312
0.2418,0.16431,0.16431
0.24185,0.164309,0.164309
0.2419,0.164308,0.164308
0.24195,0.164306,0.164306
0.242,0.164305,0.164305
0.24205,0.164303,0.164303
0.2421,0.164302,0.164302
0.24215,0.1643,0.1643
0.2422,0.164299,0.164299
0.24225,0.164297,0.164297
0.2423,0.164296,0.164296
0.24235,0.164294,0.164294
0.2424,0.164293,0.164293
0.24245,0.164291,0.164291
0.2425,0.16429,0.16429
0.24255,0.164288,0.164288
0.2426,0.164287,0.164287
0.24265,0.164286,0.164286
0.2427,0.164284,0.164284
0.24275,0.164283,0.164283
0.2428,0.164281,0.164281
0.24285,0.16428,0.16428
0.2429,0.164278,0.164278
0.24295,0.164277,0.164277
0.243,0.164275,0.164275
0.24305,0.164274,0.164274
0.2431,0.164272,0.164272
0.24315,0.164271,0.164271
0.2432,0.164269,0.164269
0.24325,0.164268,0.164268
0.2433,0.164266,0.164266
0.24335,0.164265,0.164265
0.2434,0.164263,0.164263
0.24345,0.164262,0.164262
0.2435,0.16426,0.16426
0.24355,0.164259,0.164259
0.2436,0.164257,0.164257
0.24365,0.164256,0.164256
0.2437,0.164254,0.164254
0.24375,0.164253,0.164253
0.2438,0.164251,0.164251
0.24385,0.16425,0.16425
0.2439,0.164249,0.164249
0.24395,0.164247,0.164247
0.244,0.164246,0.164246
0.24405,0.164244,0.164244
0.2441,0.164243,0.164243
0.24415,0.164241,0.164241
0.2442,0.16424,0.16424
0.24425,0.164238,0.164238
0.2443,0.164237,0.164237
0.24435,0.164235,0.164235
0.2444,0.164234,0.164234
0.24445,0.164232,0.164232
0.2445,0.164231,0.164231
0.24455,0.164229,0.164229
0.2446,0.164228,0.164228
0.24465,0.164226,0.164226
0.2447,0.164225,0.164225
0.24475,0.164223,0.164223
0.2448,0.164222,0.164222
0.24485,0.16422,0.16422
0.2449,0.164219,0.164219
0.24495,0.164217,0.164217
0.245,0.164216,0.164216
0.24505,0.164214,0.164214
0.2451,0.164213,0.164213
0.24515,0.164211,0.164211
0.2452,0.16421,0.16421
0.24525,0.164208,0.164208
0.2453,0.164207,0.164207
0.24535,0.164205,0.164205
0.2454,0.164204,0.164204
0.24545,0.164202,0.164202
0.2455,0.164201,0.164201
0.24555,0.164199,0.164199
0.2456,0.164198,0.164198
0.24565,0.164196,0.164196
0.2457,0.164195,0.164195
0.24575,0.164193,0.164193
0.2458,0.164192,0.164192
0.24585,0.16419,0.16419
0.2459,0.164189,0.164189
0.24595,0.164187,0.164187
0.246,0.164186,0.164186
0.24605,0.164184,0.164184
0.2461,0.164182,0.164182
0.24615,0.164181,0.164181
0.2462,0.164179,0.164179
0.24625,0.164178,0.164178
0.2463,0.164176,0.164176
0.24635,0.164175,0.164175
0.2464,0.164173,0.164173
0.24645,0.164172,0.164172
0.2465,0.16417,0.16417
0.24655,0.164169,0.164169
0.2466,0.164167,0.164167
0.24665,0.164166,0.164166
0.2467,0.164164,0.164164
0.24675,0.164163,0.164163
0.2468,0.164161,0.164161
0.24685,0.16416,0.16416
0.2469,0.164158,0.164158
0.24695,0.164157,0.164157
0.247,0.164155,0.164155
0.24705,0.164154,0.164154
0.2471,0.164152,0.164152
0.24715,0.164151,0.164151
0.2472,0.164149,0.164149
0.24725,0.164147,0.164147
0.2473,0.164146,0.164146
0.24735,0.164144,0.164144
0.2474,0.164143,0.164143
0.24745,0.164141,0.164141
0.2475,0.16414,0.16414
0.24755,0.164138,0.164138
0.2476,0.164137,0.164137
0.24765,0.164135,0.164135
0.2477,0.164134,0.164134
0.24775,0.164132,0.164132
0.2478,0.164131,0.164131
0.24785,0.164129,0.164129
0.2479,0.164128,0.164128
0.24795,0.164126,0.164126
0.248,0.164125,0.164125
0.24805,0.164123,0.164123
0.2481,0.164121,0.164121
0.24815,0.16412,0.16412
0.2482,0.164118,0.164118
0.24825,0.164117,0.164117
0.2483,0.164115,0.164115
0.24835,0.164114,0.164114
0.2484,0.164112,0.164112
0.24845,0.164111,0.164111
0.2485,0.164109,0.164109
0.24855,0.164108,0.164108
0.2486,0.164106,0.164106
0.24865,0.164104,0.164104
0.2487,0.164103,0.164103
0.24875,0.164101,0.164101
0.2488,0.1641,0.1641
0.24885,0.164098,0.164098
0.2489,0.164097,0.164097
0.24895,0.164095,0.164095
0.249,0.164094,0.164094
0.24905,0.164092,0.164092
0.2491,0.164091,0.164091
0.24915,0.164089,0.164089
0.2492,0.164087,0.164087
0.24925,0.164086,0.164086
0.2493,0.164084,0.164084
0.24935,0.164083,0.164083
0.2494,0.164081,0.164081
0.24945,0.16408,0.16408
0.2495,0.164078,0.164078
0.24955,0.164077,0.164077
0.2496,0.164075,0.164075
0.24965,0.164073,0.164073
0.2497,0.164072,0.164072
0.24975,0.16407,0.16407
0.2498,0.164069,0.164069
0.24985,0.164067,0.164067
0.2499,0.164066,0.164066
0.24995,0.164064,0.164064
0.25,0.164062,0.164062
0.25005,0.164061,0.164061
0.2501,0.164059,0.164059
0.25015,0.164058,0.164058
0.2502,0.164056,0.164056
0.25025,0.164055,0.164055
0.2503,0.164053,0.164053
0.25035,0.164052,0.164052
0.2504,0.16405,0.16405
0.25045,0.164048,0.164048
0.2505,0.164047,0.164047
0.25055,0.164045,0.164045
0.2506,0.164044,0.164044
0.25065,0.164042,0.164042
0.2507,0.164041,0.164041
0.25075,0.164039,0.164039
0.2508,0.164037,0.164037
0.25085,0.164036,0.164036
0.2509,0.164034,0.164034
0.25095,0.164033,0.164033
0.251,0.164031,0.164031
0.25105,0.16403,0.16403
0.2511,0.164028,0.164028
0.25115,0.164026,0.164026
0.2512,0.164025,0.164025
0.25125,0.164023,0.164023
0.2513,0.164022,0.164022
0.25135,0.16402,0.16402
0.2514,0.164019,0.164019
0.25145,0.164017,0.164017
0.2515,0.164015,0.164015
0.25155,0.164014,0.164014
0.2516,0.164012,0.164012
0.25165,0.164011,0.164011
0.2517,0.164009,0.164009
0.25175,0.164007,0.164007
0.2518,0.164006,0.164006
0.25185,0.164004,0.164004
0.2519,0.164003,0.164003
0.25195,0.164001,0.164001
0.252,0.163999,0.163999
0.25205,0.163998,0.163998
0.2521,0.163996,0.163996
0.25215,0.163995,0.163995
0.2522,0.163993,0.163993
0.25225,0.163992,0.163992
0.2523,0.16399,0.16399
0.25235,0.163988,0.163988
0.2524,0.163987,0.163987
0.25245,0.163985,0.163985
0.2525,0.163984,0.163984
0.25255,0.163982,0.163982
0.2526,0.16398,0.16398
0.25265,0.163979,0.163979
0.2527,0.163977,0.163977
0.25275,0.163976,0.163976
0.2528,0.163974,0.163974
0.25285,0.163972,0.163972
0.2529,0.163971,0.163971
0.25295,0.163969,0.163969
0.253,0.163968,0.163968
0.25305,0.163966,0.163966
0.2531,0.163964,0.163964
0.25315,0.163963,0.163963
0.2532,0.163961,0.163961
0.25325,0.16396,0.16396
0.2533,0.163958,0.163958
0.25335,0.163956,0.163956
0.2534,0.163955,0.163955
0.25345,0.163953,0.163953
0.2535,0.163952,0.163952
0.25355,0.16395,0.16395
0.2536,0.163948,0.163948
0.25365,0.163947,0.163947
0.2537,0.163945,0.163945
0.25375,0.163944,0.163944
0.2538,0.163942,0.163942
0.25385,0.16394,0.16394
0.2539,0.163939,0.163939
0.25395,0.163937,0.163937
0.254,0.163935,0.163935
0.25405,0.163934,0.163934
0.2541,0.163932,0.163932
0.25415,0.163931,0.163931
0.2542,0.163929,0.163929
0.25425,0.163927,0.163927
0.2543,0.163926,0.163926
0.25435,0.163924,0.163924
0.2544,0.163923,0.163923
0.25445,0.163921,0.163921
0.2545,0.163919,0.163919
0.25455,0.163918,0.163918
0.2546,0.163916,0.163916
0.25465,0.163914,0.163914
0.2547,0.163913,0.163913
0.25475,0.163911,0.163911
0.2548,0.16391,0.16391
0.25485,0.163908,0.163908
0.2549,0.163906,0.163906
0.25495,0.163905,0.163905
0.255,0.163903,0.163903
0.25505,0.163901,0.163901
0.2551,0.1639,0.1639
0.25515,0.163898,0.163898
0.2552,0.163897,0.163897
0.25525,0.163895,0.163895
0.2553,0.163893,0.163893
0.25535,0.163892,0.163892
0.2554,0.16389,0.16389
0.25545,0.163888,0.163888
0.2555,0.163887,0.163887
0.25555,0.163885,0.163885
0.2556,0.163884,0.163884
0.25565,0.163882,0.163882
0.2557,0.16388,0.16388
0.25575,0.163879,0.163879
0.2558,0.163877,0.163877
0.25585,0.163875,0.163875
0.2559,0.163874,0.163874
0.25595,0.163872,0.163872
0.256,0.16387,0.16387
0.25605,0.163869,0.163869
0.2561,0.163867,0.163867
0.25615,0.163866,0.163866
0.2562,0.163864,0.163864
0.25625,0.163862,0.163862
0.2563,0.163861,0.163861
0.25635,0.163859,0.163859
0.2564,0.163857,0.163857
0.25645,0.163856,0.163856
0.2565,0.163854,0.163854
0.25655,0.163852,0.163852
0.2566,0.163851,0.163851
0.25665,0.163849,0.163849
0.2567,0.163847,0.163847
0.25675,0.163846,0.163846
0.2568,0.163844,0.163844
0.25685,0.163843,0.163843
0.2569,0.163841,0.163841
0.25695,0.163839,0.163839
0.257,0.163838,0.163838
0.25705,0.163836,0.163836
0.2571,0.163834,0.163834
0.25715,0.163833,0.163833
0.2572,0.163831,0.163831
0.25725,0.163829,0.163829
0.2573,0.163828,0.163828
0.25735,0.163826,0.163826
0.2574,0.163824,0.163824
0.25745,0.163823,0.163823
0.2575,0.163821,0.163821
0.25755,0.163819,0.163819
0.2576,0.163818,0.163818
0.25765,0.163816,0.163816
0.2577,0.163814,0.163814
0.25775,0.163813,0.163813
0.2578,0.163811,0.163811
0.25785,0.163809,0.163809
0.2579,0.163808,0.163808
0.25795,0.163806,0.163806
0.258,0.163804,0.163804
0.25805,0.163803,0.163803
0.2581,0.163801,0.163801
0.25815,0.163799,0.163799
0.2582,0.163798,0.163798
0.25825,0.163796,0.163796
0.2583,0.163794,0.163794
0.25835,0.163793,0.163793
0.2584,0.163791,0.163791
0.25845,0.163789,0.163789
0.2585,0.163788,0.163788
0.25855,0.163786,0.163786
0.2586,0.163784,0.163784
0.25865,0.163783,0.163783
0.2587,0.163781,0.163781
0.25875,0.163779,0.163779
0.2588,0.163778,0.163778
0.25885,0.163776,0.163776
0.2589,0.163774,0.163774
0.25895,0.163773,0.163773
0.259,0.163771,0.163771
0.25905,0.163769,0.163769
0.2591,0.163768,0.163768
0.25915,0.163766,0.163766
0.2592,0.163764,0.163764
0.25925,0.163763,0.163763
0.2593,0.163761,0.163761
0.25935,0.163759,0.163759
0.2594,0.163758,0.163758
0.25945,0.163756,0.163756
0.2595,0.163754,0.163754
0.25955,0.163753,0.163753
0.2596,0.163751,0.163751
0.25965,0.163749,0.163749
0.2597,0.163747,0.163747
0.25975,0.163746,0.163746
0.2598,0.163744,0.163744
0.25985,0.163742,0.163742
0.2599,0.163741,0.163741
0.25995,0.163739,0.163739
0.26,0.163737,0.163737
0.26005,0.163736,0.163736
0.2601,0.163734,0.163734
0.26015,0.163732,0.163732
0.2602,0.163731,0.163731
0.26025,0.163729,0.163729
0.2603,0.163727,0.163727
0.26035,0.163725,0.163725
0.2604,0.163724,0.163724
0.26045,0.163722,0.163722
0.2605,0.16372,0.16372
0.26055,0.163719,0.163719
0.2606,0.163717,0.163717
0.26065,0.163715,0.163715
0.2607,0.163714,0.163714
0.26075,0.163712,0.163712
0.2608,0.16371,0.16371
0.26085,0.163709,0.163709
0.2609,0.163707,0.163707
0.26095,0.163705,0.163705
0.261,0.163703,0.163703
0.26105,0.163702,0.163702
0.2611,0.1637,0.1637
0.26115,0.163698,0.163698
0.2612,0.163697,0.163697
0.26125,0.163695,0.163695
0.2613,0.163693,0.163693
0.26135,0.163691,0.163691
0.2614,0.16369,0.16369
0.26145,0.163688,0.163688
0.2615,0.163686,0.163686
0.26155,0.163685,0.163685
0.2616,0.163683,0.163683
0.26165,0.163681,0.163681
0.2617,0.163679,0.163679
0.26175,0.163678,0.163678
0.2618,0.163676,0.163676
0.26185,0.163674,0.163674
0.2619,0.163673,0.163673
0.26195,0.163671,0.163671
0.262,0.163669,0.163669
0.26205,0.163667,0.163667
0.2621,0.163666,0.163666
0.26215,0.163664,0.163664
0.2622,0.163662,0.163662
0.26225,0.163661,0.163661
0.2623,0.163659,0.163659
0.26235,0.163657,0.163657
0.2624,0.163655,0.163655
0.26245,0.163654,0.163654
0.2625,0.163652,0.163652
0.26255,0.16365,0.16365
0.2626,0.163649,0.163649
0.26265,0.163647,0.163647
0.2627,0.163645,0.163645
0.26275,0.163643,0.163643
0.2628,0.163642,0.163642
0.26285,0.16364,0.16364
0.2629,0.163638,0.163638
0.26295,0.163636,0.163636
0.263,0.163635,0.163635
0.26305,0.163633,0.163633
0.2631,0.163631,0.163631
0.26315,0.16363,0.16363
0.2632,0.163628,0.163628
0.26325,0.163626,0.163626
0.2633,0.163624,0.163624
0.26335,0.163623,0.163623
0.2634,0.163621,0.163621
0.26345,0.163619,0.163619
0.2635,0.163617,0.163617
0.26355,0.163616,0.163616
0.2636,0.163614,0.163614
0.26365,0.163612,0.163612
0.2637,0.16361,0.16361
0.26375,0.163609,0.163609
0.2638,0.163607,0.163607
0.26385,0.163605,0.163605
0.2639,0.163604,0.163604
0.26395,0.163602,0.163602
0.264,0.1636,0.1636
0.26405,0.163598,0.163598
0.2641,0.163597,0.163597
0.26415,0.163595,0.163595
0.2642,0.163593,0.163593
0.26425,0.163591,0.163591
0.2643,0.16359,0.16359
0.26435,0.163588,0.163588
0.2644,0.163586,0.163586
0.26445,0.163584,0.163584
0.2645,0.163583,0.163583
0.26455,0.163581,0.163581
0.2646,0.163579,0.163579
0.26465,0.163577,0.163577
0.2647,0.163576,0.163576
0.26475,0.163574,0.163574
0.2648,0.163572,0.163572
0.26485,0.16357,0.16357
0.2649,0.163569,0.163569
0.26495,0.163567,0.163567
0.265,0.163565,0.163565
0.26505,0.163563,0.163563
0.2651,0.163562,0.163562
0.26515,0.16356,0.16356
0.2652,0.163558,0.163558
0.26525,0.163556,0.163556
0.2653,0.163555,0.163555
0.26535,0.163553,0.163553
0.2654,0.163551,0.163551
0.26545,0.163549,0.163549
0.2655,0.163547,0.163547
0.26555,0.163546,0.163546
0.2656,0.163544,0.163544
0.26565,0.163542,0.163542
0.2657,0.16354,0.16354
0.26575,0.163539,0.163539
0.2658,0.163537,0.163537
0.26585,0.163535,0.163535
0.2659,0.163533,0.163533
0.26595,0.163532,0.163532
0.266,0.16353,0.16353
0.26605,0.163528,0.163528
0.2661,0.163526,0.163526
0.26615,0.163525,0.163525
0.2662,0.163523,0.163523
0.26625,0.163521,0.163521
0.2663,0.163519,0.163519
0.26635,0.163517,0.163517
0.2664,0.163516,0.163516
0.26645,0.163514,0.163514
0.2665,0.163512,0.163512
0.26655,0.16351,0.16351
0.2666,0.163509,0.163509
0.26665,0.163507,0.163507
0.2667,0.163505,0.163505
0.26675,0.163503,0.163503
0.2668,0.163501,0.163501
0.26685,0.1635,0.1635
0.2669,0.163498,0.163498
0.26695,0.163496,0.163496
0.267,0.163494,0.163494
0.26705,0.163493,0.163493
0.2671,0.163491,0.163491
0.26715,0.163489,0.163489
0.2672,0.163487,0.163487
0.26725,0.163485,0.163485
0.2673,0.163484,0.163484
0.26735,0.163482,0.163482
0.2674,0.16348,0.16348
0.26745,0.163478,0.163478
0.2675,0.163476,0.163476
0.26755,0.163475,0.163475
0.2676,0.163473,0.163473
0.26765,0.163471,0.163471
0.2677,0.163469,0.163469
0.26775,0.163467,0.163467
0.2678,0.163466,0.163466
0.26785,0.163464,0.163464
0.2679,0.163462,0.163462
0.26795,0.16346,0.16346
0.268,0.163459,0.163459
0.26805,0.163457,0.163457
0.2681,0.163455,0.163455
0.26815,0.163453,0.163453
0.2682,0.163451,0.163451
0.26825,0.16345,0.16345
0.2683,0.163448,0.163448
0.26835,0.163446,0.163446
0.2684,0.163444,0.163444
0.26845,0.163442,0.163442
0.2685,0.163441,0.163441
0.26855,0.163439,0.163439
0.2686,0.163437,0.163437
0.26865,0.163435,0.163435
0.2687,0.163433,0.163433
0.26875,0.163432,0.163432
0.2688,0.16343,0.16343
0.26885,0.163428,0.163428
0.2689,0.163426,0.163426
0.26895,0.163424,0.163424
0.269,0.163422,0.163422
0.26905,0.163421,0.163421
0.2691,0.163419,0.163419
0.26915,0.163417,0.163417
0.2692,0.163415,0.163415
0.26925,0.163413,0.163413
0.2693,0.163412,0.163412
0.26935,0.16341,0.16341
0.2694,0.163408,0.163408
0.26945,0.163406,0.163406
0.2695,0.163404,0.163404
0.26955,0.163403,0.163403
0.2696,0.163401,0.163401
0.26965,0.163399,0.163399
0.2697,0.163397,0.163397
0.26975,0.163395,0.163395
0.2698,0.163393,0.163393
0.26985,0.163392,0.163392
0.2699,0.16339,0.16339
0.26995,0.163388,0.163388
0.27,0.163386,0.163386
0.27005,0.163384,0.163384
0.2701,0.163383,0.163383
0.27015,0.163381,0.163381
0.2702,0.163379,0.163379
0.27025,0.163377,0.163377
0.2703,0.163375,0.163375
0.27035,0.163373,0.163373
0.2704,0.163372,0.163372
0.27045,0.16337,0.16337
0.2705,0.163368,0.163368
0.27055,0.163366,0.163366
0.2706,0.163364,0.163364
0.27065,0.163362,0.163362
0.2707,0.163361,0.163361
0.27075,0.163359,0.163359
0.2708,0.163357,0.163357
0.27085,0.163355,0.163355
0.2709,0.163353,0.163353
0.27095,0.163351,0.163351
0.271,0.16335,0.16335
0.27105,0.163348,0.163348
0.2711,0.163346,0.163346
0.27115,0.163344,0.163344
0.2712,0.163342,0.163342
0.27125,0.16334,0.16334
0.2713,0.163339,0.163339
0.27135,0.163337,0.163337
0.2714,0.163335,0.163335
0.27145,0.163333,0.163333
0.2715,0.163331,0.163331
0.27155,0.163329,0.163329
0.2716,0.163328,0.163328
0.27165,0.163326,0.163326
0.2717,0.163324,0.163324
0.27175,0.163322,0.163322
0.2718,0.16332,0.16332
0.27185,0.163318,0.163318
0.2719,0.163316,0.163316
0.27195,0.163315,0.163315
0.272,0.163313,0.163313
0.27205,0.163311,0.163311
0.2721,0.163309,0.163309
0.27215,0.163307,0.163307
0.2722,0.163305,0.163305
0.27225,0.163303,0.163303
0.2723,0.163302,0.163302
0.27235,0.1633,0.1633
0.2724,0.163298,0.163298
0.27245,0.163296,0.163296
0.2725,0.163294,0.163294
0.27255,0.163292,0.163292
0.2726,0.16329,0.16329
0.27265,0.163289,0.163289
0.2727,0.163287,0.163287
0.27275,0.163285,0.163285
0.2728,0.163283,0.163283
0.27285,0.163281,0.163281
0.2729,0.163279,0.163279
0.27295,0.163277,0.163277
0.273,0.163276,0.163276
0.27305,0.163274,0.163274
0.2731,0.163272,0.163272
0.27315,0.16327,0.16327
0.2732,0.163268,0.163268
0.27325,0.163266,0.163266
0.2733,0.163264,0.163264
0.27335,0.163263,0.163263
0.2734,0.163261,0.163261
0.27345,0.163259,0.163259
0.2735,0.163257,0.163257
0.27355,0.163255,0.163255
0.2736,0.163253,0.163253
0.27365,0.163251,0.163251
0.2737,0.163249,0.163249
0.27375,0.163248,0.163248
0.2738,0.163246,0.163246
0.27385,0.163244,0.163244
0.2739,0.163242,0.163242
0.27395,0.16324,0.16324
0.274,0.163238,0.163238
0.27405,0.163236,0.163236
0.2741,0.163234,0.163234
0.27415,0.163233,0.163233
0.2742,0.163231,0.163231
0.27425,0.163229,0.163229
0.2743,0.163227,0.163227
0.27435,0.163225,0.163225
0.2744,0.163223,0.163223
0.27445,0.163221,0.163221
0.2745,0.163219,0.163219
0.27455,0.163218,0.163218
0.2746,0.163216,0.163216
0.27465,0.163214,0.163214
0.2747,0.163212,0.163212
0.27475,0.16321,0.16321
0.2748,0.163208,0.163208
0.27485,0.163206,0.163206
0.2749,0.163204,0.163204
0.27495,0.163202,0.163202
0.275,0.163201,0.163201
0.27505,0.163199,0.163199
0.2751,0.163197,0.163197
0.27515,0.163195,0.163195
0.2752,0.163193,0.163193
0.27525,0.163191,0.163191
0.2753,0.163189,0.163189
0.27535,0.163187,0.163187
0.2754,0.163185,0.163185
0.27545,0.163183,0.163183
0.2755,0.163182,0.163182
0.27555,0.16318,0.16318
0.2756,0.163178,0.163178
0.27565,0.163176,0.163176
0.2757,0.163174,0.163174
0.27575,0.163172,0.163172
0.2758,0.16317,0.16317
0.27585,0.163168,0.163168
0.2759,0.163166,0.163166
0.27595,0.163164,0.163164
0.276,0.163163,0.163163
0.27605,0.163161,0.163161
0.2761,0.163159,0.163159
0.27615,0.163157,0.163157
0.2762,0.163155,0.163155
0.27625,0.163153,0.163153
0.2763,0.163151,0.163151
0.27635,0.163149,0.163149
0.2764,0.163147,0.163147
0.27645,0.163145,0.163145
0.2765,0.163143,0.163143
0.27655,0.163142,0.163142
0.2766,0.16314,0.16314
0.27665,0.163138,0.163138
0.2767,0.163136,0.163136
0.27675,0.163134,0.163134
0.2768,0.163132,0.163132
0.27685,0.16313,0.16313
0.2769,0.163128,0.163128
0.27695,0.163126,0.163126
0.277,0.163124,0.163124
0.27705,0.163122,0.163122
0.2771,0.163121,0.163121
0.27715,0.163119,0.163119
0.2772,0.163117,0.163117
0.27725,0.163115,0.163115
0.2773,0.163113,0.163113
0.27735,0.163111,0.163111
0.2774,0.163109,0.163109
0.27745,0.163107,0.163107
0.2775,0.163105,0.163105
0.27755,0.163103,0.163103
0.2776,0.163101,0.163101
0.27765,0.163099,0.163099
0.2777,0.163097,0.163097
0.27775,0.163095,0.163095
0.2778,0.163094,0.163094
0.27785,0.163092,0.163092
0.2779,0.16309,0.16309
0.27795,0.163088,0.163088
0.278,0.163086,0.163086
0.27805,0.163084,0.163084
0.2781,0.163082,0.163082
0.27815,0.16308,0.16308
0.2782,0.163078,0.163078
0.27825,0.163076,0.163076
0.2783,0.163074,0.163074
0.27835,0.163072,0.163072
0.2784,0.16307,0.16307
0.27845,0.163068,0.163068
0.2785,0.163066,0.163066
0.27855,0.163065,0.163065
0.2786,0.163063,0.163063
0.27865,0.163061,0.163061
0.2787,0.163059,0.163059
0.27875,0.163057,0.163057
0.2788,0.163055,0.163055
0.27885,0.163053,0.163053
0.2789,0.163051,0.163051
0.27895,0.163049,0.163049
0.279,0.163047,0.163047
0.27905,0.163045,0.163045
0.2791,0.163043,0.163043
0.27915,0.163041,0.163041
0.2792,0.163039,0.163039
0.27925,0.163037,0.163037
0.2793,0.163035,0.163035
0.27935,0.163033,0.163033
0.2794,0.163031,0.163031
0.27945,0.16303,0.16303
0.2795,0.163028,0.163028
0.27955,0.163026,0.163026
0.2796,0.163024,0.163024
0.27965,0.163022,0.163022
0.2797,0.16302,0.16302
0.27975,0.163018,0.163018
0.2798,0.163016,0.163016
0.27985,0.163014,0.163014
0.2799,0.163012,0.163012
0.27995,0.16301,0.16301
0.28,0.163008,0.163008
0.28005,0.163006,0.163006
0.2801,0.163004,0.163004
0.28015,0.163002,0.163002
0.2802,0.163,0.163
0.28025,0.162998,0.162998
0.2803,0.162996,0.162996
0.28035,0.162994,0.162994
0.2804,0.162992,0.162992
0.28045,0.16299,0.16299
0.2805,0.162988,0.162988
0.28055,0.162986,0.162986
0.2806,0.162984,0.162984
0.28065,0.162982,0.162982
0.2807,0.16298,0.16298
0.28075,0.162979,0.162979
0.2808,0.162977,0.162977
0.28085,0.162975,0.162975
0.2809,0.162973,0.162973
0.28095,0.162971,0.162971
0.281,0.162969,0.162969
0.28105,0.162967,0.162967
0.2811,0.162965,0.162965
0.28115,0.162963,0.162963
0.2812,0.162961,0.162961
0.28125,0.162959,0.162959
0.2813,0.162957,0.162957
0.28135,0.162955,0.162955
0.2814,0.162953,0.162953
0.28145,0.162951,0.162951
0.2815,0.162949,0.162949
0.28155,0.162947,0.162947
0.2816,0.162945,0.162945
0.28165,0.162943,0.162943
0.2817,0.162941,0.162941
0.28175,0.162939,0.162939
0.2818,0.162937,0.162937
0.28185,0.162935,0.162935
0.2819,0.162933,0.162933
0.28195,0.162931,0.162931
0.282,0.162929,0.162929
0.28205,0.162927,0.162927
0.2821,0.162925,0.162925
0.28215,0.162923,0.162923
0.2822,0.162921,0.162921
0.28225,0.162919,0.162919
0.2823,0.162917,0.162917
0.28235,0.162915,0.162915
0.2824,0.162913,0.162913
0.28245,0.162911,0.162911
0.2825,0.162909,0.162909
0.28255,0.162907,0.162907
0.2826,0.162905,0.162905
0.28265,0.162903,0.162903
0.2827,0.162901,0.162901
0.28275,0.162899,0.162899
0.2828,0.162897,0.162897
0.28285,0.162895,0.162895
0.2829,0.162893,0.162893
0.28295,0.162891,0.162891
0.283,0.162889,0.162889
0.28305,0.162887,0.162887
0.2831,0.162885,0.162885
0.28315,0.162883,0.162883
0.2832,0.162881,0.162881
0.28325,0.162879,0.162879
0.2833,0.162877,0.162877
0.28335,0.162875,0.162875
0.2834,0.162873,0.162873
0.28345,0.162871,0.162871
0.2835,0.162869,0.162869
0.28355,0.162867,0.162867
0.2836,0.162865,0.162865
0.28365,0.162863,0.162863
0.2837,0.162861,0.162861
0.28375,0.162859,0.162859
0.2838,0.162857,0.162857
0.28385,0.162855,0.162855
0.2839,0.162853,0.162853
0.28395,0.162851,0.162851
0.284,0.162849,0.162849
0.28405,0.162847,0.162847
0.2841,0.162845,0.162845
0.28415,0.162843,0.162843
0.2842,0.162841,0.162841
0.28425,0.162839,0.162839
0.2843,0.162837,0.162837
0.28435,0.162835,0.162835
0.2844,0.162833,0.162833
0.28445,0.162831,0.162831
0.2845,0.162829,0.162829
0.28455,0.162827,0.162827
0.2846,0.162825,0.162825
0.28465,0.162823,0.162823
0.2847,0.162821,0.162821
0.28475,0.162819,0.162819
0.2848,0.162817,0.162817
0.28485,0.162815,0.162815
0.2849,0.162813,0.162813
0.28495,0.162811,0.162811
0.285,0.162808,0.162808
0.28505,0.162806,0.162806
0.2851,0.162804,0.162804
0.28515,0.162802,0.162802
0.2852,0.1628,0.1628
0.28525,0.162798,0.162798
0.2853,0.162796,0.162796
0.28535,0.162794,0.162794
0.2854,0.162792,0.162792
0.28545,0.16279,0.16279
0.2855,0.162788,0.162788
0.28555,0.162786,0.162786
0.2856,0.162784,0.162784
0.28565,0.162782,0.162782
0.2857,0.16278,0.16278
0.28575,0.162778,0.162778
0.2858,0.162776,0.162776
0.28585,0.162774,0.162774
0.2859,0.162772,0.162772
0.28595,0.16277,0.16277
0.286,0.162768,0.162768
0.28605,0.162766,0.162766
0.2861,0.162764,0.162764
0.28615,0.162762,0.162762
0.2862,0.16276,0.16276
0.28625,0.162757,0.162757
0.2863,0.162755,0.162755
0.28635,0.162753,0.162753
0.2864,0.162751,0.162751
0.28645,0.162749,0.162749
0.2865,0.162747,0.162747
0.28655,0.162745,0.162745
0.2866,0.162743,0.162743
0.28665,0.162741,0.162741
0.2867,0.162739,0.162739
0.28675,0.162737,0.162737
0.2868,0.162735,0.162735
0.28685,0.162733,0.162733
0.2869,0.162731,0.162731
0.28695,0.162729,0.162729
0.287,0.162727,0.162727
0.28705,0.162725,0.162725
0.2871,0.162723,0.162723
0.28715,0.162721,0.162721
0.2872,0.162718,0.162718
0.28725,0.162716,0.162716
0.2873,0.162714,0.162714
0.28735,0.162712,0.162712
0.2874,0.16271,0.16271
0.28745,0.162708,0.162708
0.2875,0.162706,0.162706
0.28755,0.162704,0.162704
0.2876,0.162702,0.162702
0.28765,0.1627,0.1627
0.2877,0.162698,0.162698
0.28775,0.162696,0.162696
0.2878,0.162694,0.162694
0.28785,0.162692,0.162692
0.2879,0.16269,0.16269
0.28795,0.162687,0.162687
0.288,0.162685,0.162685
0.28805,0.162683,0.162683
0.2881,0.162681,0.162681
0.28815,0.162679,0.162679
0.2882,0.162677,0.162677
0.28825,0.162675,0.162675
0.2883,0.162673,0.162673
0.28835,0.162671,0.162671
0.2884,0.162669,0.162669
0.28845,0.162667,0.162667
0.2885,0.162665,0.162665
0.28855,0.162663,0.162663
0.2886,0.16266,0.16266
0.28865,0.162658,0.162658
0.2887,0.162656,0.162656
0.28875,0.162654,0.162654
0.2888,0.162652,0.162652
0.28885,0.16265,0.16265
0.2889,0.162648,0.162648
0.28895,0.162646,0.162646
0.289,0.162644,0.162644
0.28905,0.162642,0.162642
0.2891,0.16264,0.16264
0.28915,0.162637,0.162637
0.2892,0.162635,0.162635
0.28925,0.162633,0.162633
0.2893,0.162631,0.162631
0.28935,0.162629,0.162629
0.2894,0.162627,0.162627
0.28945,0.162625,0.162625
0.2895,0.162623,0.162623
0.28955,0.162621,0.162621
0.2896,0.162619,0.162619
0.28965,0.162617,0.162617
0.2897,0.162614,0.162614
0.28975,0.162612,0.162612
0.2898,0.16261,0.16261
0.28985,0.162608,0.162608
0.2899,0.162606,0.162606
0.28995,0.162604,0.162604
0.29,0.162602,0.162602
0.29005,0.1626,0.1626
0.2901,0.162598,0.162598
0.29015,0.162596,0.162596
0.2902,0.162593,0.162593
0.29025,0.162591,0.162591
0.2903,0.162589,0.162589
0.29035,0.162587,0.162587
0.2904,0.162585,0.162585
0.29045,0.162583,0.162583
0.2905,0.162581,0.162581
0.29055,0.162579,0.162579
0.2906,0.162577,0.162577
0.29065,0.162574,0.162574
0.2907,0.162572,0.162572
0.29075,0.16257,0.16257
0.2908,0.162568,0.162568
0.29085,0.162566,0.162566
0.2909,0.162564,0.162564
0.29095,0.162562,0.162562
0.291,0.16256,0.16256
0.29105,0.162558,0.162558
0.2911,0.162555,0.162555
0.29115,0.162553,0.162553
0.2912,0.162551,0.162551
0.29125,0.162549,0.162549
0.2913,0.162547,0.162547
0.29135,0.162545,0.162545
0.2914,0.162543,0.162543
0.29145,0.162541,0.162541
0.2915,0.162538,0.162538
0.29155,0.162536,0.162536
0.2916,0.162534,0.162534
0.29165,0.162532,0.162532
0.2917,0.16253,0.16253
0.29175,0.162528,0.162528
0.2918,0.162526,0.162526
0.29185,0.162524,0.162524
0.2919,0.162521,0.162521
0.29195,0.162519,0.162519
0.292,0.162517,0.162517
0.29205,0.162515,0.162515
0.2921,0.162513,0.162513
0.29215,0.162511,0.162511
0.2922,0.162509,0.162509
0.29225,0.162506,0.162506
0.2923,0.162504,0.162504
0.29235,0.162502,0.162502
0.2924,0.1625,0.1625
0.29245,0.162498,0.162498
0.2925,0.162496,0.162496
0.29255,0.162494,0.162494
0.2926,0.162492,0.162492
0.29265,0.162489,0.162489
0.2927,0.162487,0.162487
0.29275,0.162485,0.162485
0.2928,0.162483,0.162483
0.29285,0.162481,0.162481
0.2929,0.162479,0.162479
0.29295,0.162477,0.162477
0.293,0.162474,0.162474
0.29305,0.162472,0.162472
0.2931,0.16247,0.16247
0.29315,0.162468,0.162468
0.2932,0.162466,0.162466
0.29325,0.162464,0.162464
0.2933,0.162461,0.162461
0.29335,0.162459,0.162459
0.2934,0.162457,0.162457
0.29345,0.162455,0.162455
0.2935,0.162453,0.162453
0.29355,0.162451,0.162451
0.2936,0.162449,0.162449
0.29365,0.162446,0.162446
0.2937,0.162444,0.162444
0.29375,0.162442,0.162442
0.2938,0.16244,0.16244
0.29385,0.162438,0.162438
0.2939,0.162436,0.162436
0.29395,0.162433,0.162433
0.294,0.162431,0.162431
0.29405,0.162429,0.162429
0.2941,0.162427,0.162427
0.29415,0.162425,0.162425
0.2942,0.162423,0.162423
0.29425,0.16242,0.16242
0.2943,0.162418,0.162418
0.29435,0.162416,0.162416
0.2944,0.162414,0.162414
0.29445,0.162412,0.162412
0.2945,0.16241,0.16241
0.29455,0.162407,0.162407
0.2946,0.162405,0.162405
0.29465,0.162403,0.162403
0.2947,0.162401,0.162401
0.29475,0.162399,0.162399
0.2948,0.162397,0.162397
0.29485,0.162394,0.162394
0.2949,0.162392,0.162392
0.29495,0.16239,0.16239
0.295,0.162388,0.162388
0.29505,0.162386,0.162386
0.2951,0.162384,0.162384
0.29515,0.162381,0.162381
0.2952,0.162379,0.162379
0.29525,0.162377,0.162377
0.2953,0.162375,0.162375
0.29535,0.162373,0.162373
0.2954,0.162371,0.162371
0.29545,0.162368,0.162368
0.2955,0.162366,0.162366
0.29555,0.162364,0.162364
0.2956,0.162362,0.162362
0.29565,0.16236,0.16236
0.2957,0.162357,0.162357
0.29575,0.162355,0.162355
0.2958,0.162353,0.162353
0.29585,0.162351,0.162351
0.2959,0.162349,0.162349
0.29595,0.162346,0.162346
0.296,0.162344,0.162344
0.29605,0.162342,0.162342
0.2961,0.16234,0.16234
0.29615,0.162338,0.162338
0.2962,0.162336,0.162336
0.29625,0.162333,0.162333
0.2963,0.162331,0.162331
0.29635,0.162329,0.162329
0.2964,0.162327,0.162327
0.29645,0.162325,0.162325
0.2965,0.162322,0.162322
0.29655,0.16232,0.16232
0.2966,0.162318,0.162318
0.29665,0.162316,0.162316
0.2967,0.162314,0.162314
0.29675,0.162311,0.162311
0.2968,0.162309,0.162309
0.29685,0.162307,0.162307
0.2969,0.162305,0.162305
0.29695,0.162303,0.162303
0.297,0.1623,0.1623
0.29705,0.162298,0.162298
0.2971,0.162296,0.162296
0.29715,0.162294,0.162294
0.2972,0.162291,0.162291
0.29725,0.162289,0.162289
0.2973,0.162287,0.162287
0.29735,0.162285,0.162285
0.2974,0.162283,0.162283
0.29745,0.16228,0.16228
0.2975,0.162278,0.162278
0.29755,0.162276,0.162276
0.2976,0.162274,0.162274
0.29765,0.162272,0.162272
0.2977,0.162269,0.162269
0.29775,0.162267,0.162267
0.2978,0.162265,0.162265
0.29785,0.162263,0.162263
0.2979,0.162261,0.162261
0.29795,0.162258,0.162258
0.298,0.162256,0.162256
0.29805,0.162254,0.162254
0.2981,0.162252,0.162252
0.29815,0.162249,0.162249
0.2982,0.162247,0.162247
0.29825,0.162245,0.162245
0.2983,0.162243,0.162243
0.29835,0.162241,0.162241
0.2984,0.162238,0.162238
0.29845,0.162236,0.162236
0.2985,0.162234,0.162234
0.29855,0.162232,0.162232
0.2986,0.162229,0.162229
0.29865,0.162227,0.162227
0.2987,0.162225,0.162225
0.29875,0.162223,0.162223
0.2988,0.16222,0.16222
0.29885,0.162218,0.162218
0.2989,0.162216,0.162216
0.29895,0.162214,0.162214
0.299,0.162212,0.162212
0.29905,0.162209,0.162209
0.2991,0.162207,0.162207
0.29915,0.162205,0.162205
0.2992,0.162203,0.162203
0.29925,0.1622,0.1622
0.2993,0.162198,0.162198
0.29935,0.162196,0.162196
0.2994,0.162194,0.162194
0.29945,0.162191,0.162191
0.2995,0.162189,0.162189
0.29955,0.162187,0.162187
0.2996,0.162185,0.162185
0.29965,0.162182,0.162182
0.2997,0.16218,0.16218
0.29975,0.162178,0.162178
0.2998,0.162176,0.162176
0.29985,0.162173,0.162173
0.2999,0.162171,0.162171
0.29995,0.162169,0.162169
0.3,0.162167,0.162167
0.30005,0.162164,0.162164
0.3001,0.162162,0.162162
0.30015,0.16216,0.16216
0.3002,0.162158,0.162158
0.30025,0.162155,0.162155
0.3003,0.162153,0.162153
0.30035,0.162151,0.162151
0.3004,0.162149,0.162149
0.30045,0.162146,0.162146
0.3005,0.162144,0.162144
0.30055,0.162142,0.162142
0.3006,0.16214,0.16214
0.30065,0.162137,0.162137
0.3007,0.162135,0.162135
0.30075,0.162133,0.162133
0.3008,0.162131,0.162131
0.30085,0.162128,0.162128
0.3009,0.162126,0.162126
0.30095,0.162124,0.162124
0.301,0.162122,0.162122
0.30105,0.162119,0.162119
0.3011,0.162117,0.162117
0.30115,0.162115,0.162115
0.3012,0.162112,0.162112
0.30125,0.16211,0.16211
0.3013,0.162108,0.162108
0.30135,0.162106,0.162106
0.3014,0.162103,0.162103
0.30145,0.162101,0.162101
0.3015,0.162099,0.162099
0.30155,0.162097,0.162097
0.3016,0.162094,0.162094
0.30165,0.162092,0.162092
0.3017,0.16209,0.16209
0.30175,0.162087,0.162087
0.3018,0.162085,0.162085
0.30185,0.162083,0.162083
0.3019,0.162081,0.162081
0.30195,0.162078,0.162078
0.302,0.162076,0.162076
0.30205,0.162074,0.162074
0.3021,0.162072,0.162072
0.30215,0.162069,0.162069
0.3022,0.162067,0.162067
0.30225,0.162065,0.162065
0.3023,0.162062,0.162062
0.30235,0.16206,0.16206
0.3024,0.162058,0.162058
0.30245,0.162056,0.162056
0.3025,0.162053,0.162053
0.30255,0.162051,0.162051
0.3026,0.162049,0.162049
0.30265,0.162046,0.162046
0.3027,0.162044,0.162044
0.30275,0.162042,0.162042
0.3028,0.162039,0.162039
0.30285,0.162037,0.162037
0.3029,0.162035,0.162035
0.30295,0.162033,0.162033
0.303,0.16203,0.16203
0.30305,0.162028,0.162028
0.3031,0.162026,0.162026
0.30315,0.162023,0.162023
0.3032,0.162021,0.162021
0.30325,0.162019,0.162019
0.3033,0.162017,0.162017
0.30335,0.162014,0.162014
0.3034,0.162012,0.162012
0.30345,0.16201,0.16201
0.3035,0.162007,0.162007
0.30355,0.162005,0.162005
0.3036,0.162003,0.162003
0.30365,0.162,0.162
0.3037,0.161998,0.161998
0.30375,0.161996,0.161996
0.3038,0.161993,0.161993
0.30385,0.161991,0.161991
0.3039,0.161989,0.161989
0.30395,0.161987,0.161987
0.304,0.161984,0.161984
0.30405,0.161982,0.161982
0.3041,0.16198,0.16198
0.30415,0.161977,0.161977
0.3042,0.161975,0.161975
0.30425,0.161973,0.161973
0.3043,0.16197,0.16197
0.30435,0.161968,0.161968
0.3044,0.161966,0.161966
0.30445,0.161963,0.161963
0.3045,0.161961,0.161961
0.30455,0.161959,0.161959
0.3046,0.161956,0.161956
0.30465,0.161954,0.161954
0.3047,0.161952,0.161952
0.30475,0.16195,0.16195
0.3048,0.161947,0.161947
0.30485,0.161945,0.161945
0.3049,0.161943,0.161943
0.30495,0.16194,0.16194
0.305,0.161938,0.161938
0.30505,0.161936,0.161936
0.3051,0.161933,0.161933
0.30515,0.161931,0.161931
0.3052,0.161929,0.161929
0.30525,0.161926,0.161926
0.3053,0.161924,0.161924
0.30535,0.161922,0.161922
0.3054,0.161919,0.161919
0.30545,0.161917,0.161917
0.3055,0.161915,0.161915
0.30555,0.161912,0.161912
0.3056,0.16191,0.16191
0.30565,0.161908,0.161908
0.3057,0.161905,0.161905
0.30575,0.161903,0.161903
0.3058,0.161901,0.161901
0.30585,0.161898,0.161898
0.3059,0.161896,0.161896
0.30595,0.161894,0.161894
0.306,0.161891,0.161891
0.30605,0.161889,0.161889
0.3061,0.161887,0.161887
0.30615,0.161884,0.161884
0.3062,0.161882,0.161882
0.30625,0.16188,0.16188
0.3063,0.161877,0.161877
0.30635,0.161875,0.161875
0.3064,0.161872,0.161872
0.30645,0.16187,0.16187
0.3065,0.161868,0.161868
0.30655,0.161865,0.161865
0.3066,0.161863,0.161863
0.30665,0.161861,0.161861
0.3067,0.161858,0.161858
0.30675,0.161856,0.161856
0.3068,0.161854,0.161854
0.30685,0.161851,0.161851
0.3069,0.161849,0.161849
0.30695,0.161847,0.161847
0.307,0.161844,0.161844
0.30705,0.161842,0.161842
0.3071,0.16184,0.16184
0.30715,0.161837,0.161837
0.3072,0.161835,0.161835
0.30725,0.161832,0.161832
0.3073,0.16183,0.16183
0.30735,0.161828,0.161828
0.3074,0.161825,0.161825
0.30745,0.161823,0.161823
0.3075,0.161821,0.161821
0.30755,0.161818,0.161818
0.3076,0.161816,0.161816
0.30765,0.161814,0.161814
0.3077,0.161811,0.161811
0.30775,0.161809,0.161809
0.3078,0.161806,0.161806
0.30785,0.161804,0.161804
0.3079,0.161802,0.161802
0.30795,0.161799,0.161799
0.308,0.161797,0.161797
0.30805,0.161795,0.161795
0.3081,0.161792,0.161792
0.30815,0.16179,0.16179
0.3082,0.161787,0.161787
0.30825,0.161785,0.161785
0.3083,0.161783,0.161783
0.30835,0.16178,0.16178
0.3084,0.161778,0.161778
0.30845,0.161776,0.161776
0.3085,0.161773,0.161773
0.30855,0.161771,0.161771
0.3086,0.161768,0.161768
0.30865,0.161766,0.161766
0.3087,0.161764,0.161764
0.30875,0.161761,0.161761
0.3088,0.161759,0.161759
0.30885,0.161757,0.161757
0.3089,0.161754,0.161754
0.30895,0.161752,0.161752
0.309,0.161749,0.161749
0.30905,0.161747,0.161747
0.3091,0.161745,0.161745
0.30915,0.161742,0.161742
0.3092,0.16174,0.16174
0.30925,0.161737,0.161737
0.3093,0.161735,0.161735
0.30935,0.161733,0.161733
0.3094,0.16173,0.16173
0.30945,0.161728,0.161728
0.3095,0.161725,0.161725
0.30955,0.161723,0.161723
0.3096,0.161721,0.161721
0.30965,0.161718,0.161718
0.3097,0.161716,0.161716
0.30975,0.161714,0.161714
0.3098,0.161711,0.161711
0.30985,0.161709,0.161709
0.3099,0.161706,0.161706
0.30995,0.161704,0.161704
0.31,0.161701,0.161701
0.31005,0.161699,0.161699
0.3101,0.161697,0.161697
0.31015,0.161694,0.161694
0.3102,0.161692,0.161692
0.31025,0.161689,0.161689
0.3103,0.161687,0.161687
0.31035,0.161685,0.161685
0.3104,0.161682,0.161682
0.31045,0.16168,0.16168
0.3105,0.161677,0.161677
0.31055,0.161675,0.161675
0.3106,0.161673,0.161673
0.31065,0.16167,0.16167
0.3107,0.161668,0.161668
0.31075,0.161665,0.161665
0.3108,0.161663,0.161663
0.31085,0.161661,0.161661
0.3109,0.161658,0.161658
0.31095,0.161656,0.161656
0.311,0.161653,0.161653
0.31105,0.161651,0.161651
0.3111,0.161648,0.161648
0.31115,0.161646,0.161646
0.3112,0.161644,0.161644
0.31125,0.161641,0.161641
0.3113,0.161639,0.161639
0.31135,0.161636,0.161636
0.3114,0.161634,0.161634
0.31145,0.161632,0.161632
0.3115,0.161629,0.161629
0.31155,0.161627,0.161627
0.3116,0.161624,0.161624
0.31165,0.161622,0.161622
0.3117,0.161619,0.161619
0.31175,0.161617,0.161617
0.3118,0.161615,0.161615
0.31185,0.161612,0.161612
0.3119,0.16161,0.16161
0.31195,0.161607,0.161607
0.312,0.161605,0.161605
0.31205,0.161602,0.161602
0.3121,0.1616,0.1616
0.31215,0.161597,0.161597
0.3122,0.161595,0.161595
0.31225,0.161593,0.161593
0.3123,0.16159,0.16159
0.31235,0.161588,0.161588
0.3124,0.161585,0.161585
0.31245,0.161583,0.161583
0.3125,0.16158,0.16158
0.31255,0.161578,0.161578
0.3126,0.161576,0.161576
0.31265,0.161573,0.161573
0.3127,0.161571,0.161571
0.31275,0.161568,0.161568
0.3128,0.161566,0.161566
0.31285,0.161563,0.161563
0.3129,0.161561,0.161561
0.31295,0.161558,0.161558
0.313,0.161556,0.161556
0.31305,0.161554,0.161554
0.3131,0.161551,0.161551
0.31315,0.161549,0.161549
0.3132,0.161546,0.161546
0.31325,0.161544,0.161544
0.3133,0.161541,0.161541
0.31335,0.161539,0.161539
0.3134,0.161536,0.161536
0.31345,0.161534,0.161534
0.3135,0.161531,0.161531
0.31355,0.161529,0.161529
0.3136,0.161527,0.161527
0.31365,0.161524,0.161524
0.3137,0.161522,0.161522
0.31375,0.161519,0.161519
0.3138,0.161517,0.161517
0.31385,0.161514,0.161514
0.3139,0.161512,0.161512
0.31395,0.161509,0.161509
0.314,0.161507,0.161507
0.31405,0.161504,0.161504
0.3141,0.161502,0.161502
0.31415,0.161499,0.161499
0.3142,0.161497,0.161497
0.31425,0.161494,0.161494
0.3143,0.161492,0.161492
0.31435,0.16149,0.16149
0.3144,0.161487,0.161487
0.31445,0.161485,0.161485
0.3145,0.161482,0.161482
0.31455,0.16148,0.16148
0.3146,0.161477,0.161477
0.31465,0.161475,0.161475
0.3147,0.161472,0.161472
0.31475,0.16147,0.16147
0.3148,0.161467,0.161467
0.31485,0.161465,0.161465
0.3149,0.161462,0.161462
0.31495,0.16146,0.16146
0.315,0.161457,0.161457
0.31505,0.161455,0.161455
0.3151,0.161452,0.161452
0.31515,0.16145,0.16145
0.3152,0.161447,0.161447
0.31525,0.161445,0.161445
0.3153,0.161442,0.161442
0.31535,0.16144,0.16144
0.3154,0.161437,0.161437
0.31545,0.161435,0.161435
0.3155,0.161433,0.161433
0.31555,0.16143,0.16143
0.3156,0.161428,0.161428
0.31565,0.161425,0.161425
0.3157,0.161423,0.161423
0.31575,0.16142,0.16142
0.3158,0.161418,0.161418
0.31585,0.161415,0.161415
0.3159,0.161413,0.161413
0.31595,0.16141,0.16141
0.316,0.161408,0.161408
0.31605,0.161405,0.161405
0.3161,0.161403,0.161403
0.31615,0.1614,0.1614
0.3162,0.161398,0.161398
0.31625,0.161395,0.161395
0.3163,0.161393,0.161393
0.31635,0.16139,0.16139
0.3164,0.161388,0.161388
0.31645,0.161385,0.161385
0.3165,0.161383,0.161383
0.31655,0.16138,0.16138
0.3166,0.161378,0.161378
0.31665,0.161375,0.161375
0.3167,0.161373,0.161373
0.31675,0.16137,0.16137
0.3168,0.161368,0.161368
0.31685,0.161365,0.161365
0.3169,0.161363,0.161363
0.31695,0.16136,0.16136
0.317,0.161357,0.161357
0.31705,0.161355,0.161355
0.3171,0.161352,0.161352
0.31715,0.16135,0.16135
0.3172,0.161347,0.161347
0.31725,0.161345,0.161345
0.3173,0.161342,0.161342
0.31735,0.16134,0.16134
0.3174,0.161337,0.161337
0.31745,0.161335,0.161335
0.3175,0.161332,0.161332
0.31755,0.16133,0.16133
0.3176,0.161327,0.161327
0.31765,0.161325,0.161325
0.3177,0.161322,0.161322
0.31775,0.16132,0.16132
0.3178,0.161317,0.161317
0.31785,0.161315,0.161315
0.3179,0.161312,0.161312
0.31795,0.16131,0.16131
0.318,0.161307,0.161307
0.31805,0.161305,0.161305
0.3181,0.161302,0.161302
0.31815,0.1613,0.1613
0.3182,0.161297,0.161297
0.31825,0.161294,0.161294
0.3183,0.161292,0.161292
0.31835,0.161289,0.161289
0.3184,0.161287,0.161287
0.31845,0.161284,0.161284
0.3185,0.161282,0.161282
0.31855,0.161279,0.161279
0.3186,0.161277,0.161277
0.31865,0.161274,0.161274
0.3187,0.161272,0.161272
0.31875,0.161269,0.161269
0.3188,0.161267,0.161267
0.31885,0.161264,0.161264
0.3189,0.161261,0.161261
0.31895,0.161259,0.161259
0.319,0.161256,0.161256
0.31905,0.161254,0.161254
0.3191,0.161251,0.161251
0.31915,0.161249,0.161249
0.3192,0.161246,0.161246
0.31925,0.161244,0.161244
0.3193,0.161241,0.161241
0.31935,0.161239,0.161239
0.3194,0.161236,0.161236
0.31945,0.161233,0.161233
0.3195,0.161231,0.161231
0.31955,0.161228,0.161228
0.3196,0.161226,0.161226
0.31965,0.161223,0.161223
0.3197,0.161221,0.161221
0.31975,0.161218,0.161218
0.3198,0.161216,0.161216
0.31985,0.161213,0.161213
0.3199,0.16121,0.16121
0.31995,0.161208,0.161208
0.32,0.161205,0.161205
0.32005,0.161203,0.161203
0.3201,0.1612,0.1612
0.32015,0.161198,0.161198
0.3202,0.161195,0.161195
0.32025,0.161193,0.161193
0.3203,0.16119,0.16119
0.32035,0.161187,0.161187
0.3204,0.161185,0.161185
0.32045,0.161182,0.161182
0.3205,0.16118,0.16118
0.32055,0.161177,0.161177
0.3206,0.161175,0.161175
0.32065,0.161172,0.161172
0.3207,0.161169,0.161169
0.32075,0.161167,0.161167
0.3208,0.161164,0.161164
0.32085,0.161162,0.161162
0.3209,0.161159,0.161159
0.32095,0.161157,0.161157
0.321,0.161154,0.161154
0.32105,0.161151,0.161151
0.3211,0.161149,0.161149
0.32115,0.161146,0.161146
0.3212,0.161144,0.161144
0.32125,0.161141,0.161141
0.3213,0.161139,0.161139
0.32135,0.161136,0.161136
0.3214,0.161133,0.161133
0.32145,0.161131,0.161131
0.3215,0.161128,0.161128
0.32155,0.161126,0.161126
0.3216,0.161123,0.161123
0.32165,0.16112,0.16112
0.3217,0.161118,0.161118
0.32175,0.161115,0.161115
0.3218,0.161113,0.161113
0.32185,0.16111,0.16111
0.3219,0.161107,0.161107
0.32195,0.161105,0.161105
0.322,0.161102,0.161102
0.32205,0.1611,0.1611
0.3221,0.161097,0.161097
0.32215,0.161095,0.161095
0.3222,0.161092,0.161092
0.32225,0.161089,0.161089
0.3223,0.161087,0.161087
0.32235,0.161084,0.161084
0.3224,0.161082,0.161082
0.32245,0.161079,0.161079
0.3225,0.161076,0.161076
0.32255,0.161074,0.161074
0.3226,0.161071,0.161071
0.32265,0.161069,0.161069
0.3227,0.161066,0.161066
0.32275,0.161063,0.161063
0.3228,0.161061,0.161061
0.32285,0.161058,0.161058
0.3229,0.161056,0.161056
0.32295,0.161053,0.161053
0.323,0.16105,0.16105
0.32305,0.161048,0.161048
0.3231,0.161045,0.161045
0.32315,0.161042,0.161042
0.3232,0.16104,0.16104
0.32325,0.161037,0.161037
0.3233,0.161035,0.161035
0.32335,0.161032,0.161032
0.3234,0.161029,0.161029
0.32345,0.161027,0.161027
0.3235,0.161024,0.161024
0.32355,0.161022,0.161022
0.3236,0.161019,0.161019
0.32365,0.161016,0.161016
0.3237,0.161014,0.161014
0.32375,0.161011,0.161011
0.3238,0.161008,0.161008
0.32385,0.161006,0.161006
0.3239,0.161003,0.161003
0.32395,0.161001,0.161001
0.324,0.160998,0.160998
0.32405,0.160995,0.160995
0.3241,0.160993,0.160993
0.32415,0.16099,0.16099
0.3242,0.160987,0.160987
0.32425,0.160985,0.160985
0.3243,0.160982,0.160982
0.32435,0.16098,0.16098
0.3244,0.160977,0.160977
0.32445,0.160974,0.160974
0.3245,0.160972,0.160972
0.32455,0.160969,0.160969
0.3246,0.160966,0.160966
0.32465,0.160964,0.160964
0.3247,0.160961,0.160961
0.32475,0.160959,0.160959
0.3248,0.160956,0.160956
0.32485,0.160953,0.160953
0.3249,0.160951,0.160951
0.32495,0.160948,0.160948
0.325,0.160945,0.160945
0.32505,0.160943,0.160943
0.3251,0.16094,0.16094
0.32515,0.160937,0.160937
0.3252,0.160935,0.160935
0.32525,0.160932,0.160932
0.3253,0.160929,0.160929
0.32535,0.160927,0.160927
0.3254,0.160924,0.160924
0.32545,0.160922,0.160922
0.3255,0.160919,0.160919
0.32555,0.160916,0.160916
0.3256,0.160914,0.160914
0.32565,0.160911,0.160911
0.3257,0.160908,0.160908
0.32575,0.160906,0.160906
0.3258,0.160903,0.160903
0.32585,0.1609,0.1609
0.3259,0.160898,0.160898
0.32595,0.160895,0.160895
0.326,0.160892,0.160892
0.32605,0.16089,0.16089
0.3261,0.160887,0.160887
0.32615,0.160884,0.160884
0.3262,0.160882,0.160882
0.32625,0.160879,0.160879
0.3263,0.160876,0.160876
0.32635,0.160874,0.160874
0.3264,0.160871,0.160871
0.32645,0.160868,0.160868
0.3265,0.160866,0.160866
0.32655,0.160863,0.160863
0.3266,0.16086,0.16086
0.32665,0.160858,0.160858
0.3267,0.160855,0.160855
0.32675,0.160852,0.160852
0.3268,0.16085,0.16085
0.32685,0.160847,0.160847
0.3269,0.160844,0.160844
0.32695,0.160842,0.160842
0.327,0.160839,0.160839
0.32705,0.160836,0.160836
0.3271,0.160834,0.160834
0.32715,0.160831,0.160831
0.3272,0.160828,0.160828
0.32725,0.160826,0.160826
0.3273,0.160823,0.160823
0.32735,0.16082,0.16082
0.3274,0.160818,0.160818
0.32745,0.160815,0.160815
0.3275,0.160812,0.160812
0.32755,0.16081,0.16081
0.3276,0.160807,0.160807
0.32765,0.160804,0.160804
0.3277,0.160802,0.160802
0.32775,0.160799,0.160799
0.3278,0.160796,0.160796
0.32785,0.160793,0.160793
0.3279,0.160791,0.160791
0.32795,0.160788,0.160788
0.328,0.160785,0.160785
0.32805,0.160783,0.160783
0.3281,0.16078,0.16078
0.32815,0.160777,0.160777
0.3282,0.160775,0.160775
0.32825,0.160772,0.160772
0.3283,0.160769,0.160769
0.32835,0.160767,0.160767
0.3284,0.160764,0.160764
0.32845,0.160761,0.160761
0.3285,0.160758,0.160758
0.32855,0.160756,0.160756
0.3286,0.160753,0.160753
0.32865,0.16075,0.16075
0.3287,0.160748,0.160748
0.32875,0.160745,0.160745
0.3288,0.160742,0.160742
0.32885,0.16074,0.16074
0.3289,0.160737,0.160737
0.32895,0.160734,0.160734
0.329,0.160731,0.160731
0.32905,0.160729,0.160729
0.3291,0.160726,0.160726
0.32915,0.160723,0.160723
0.3292,0.160721,0.160721
0.32925,0.160718,0.160718
0.3293,0.160715,0.160715
0.32935,0.160712,0.160712
0.3294,0.16071,0.16071
0.32945,0.160707,0.160707
0.3295,0.160704,0.160704
0.32955,0.160702,0.160702
0.3296,0.160699,0.160699
0.32965,0.160696,0.160696
0.3297,0.160693,0.160693
0.32975,0.160691,0.160691
0.3298,0.160688,0.160688
0.32985,0.160685,0.160685
0.3299,0.160683,0.160683
0.32995,0.16068,0.16068
0.33,0.160677,0.160677
0.33005,0.160674,0.160674
0.3301,0.160672,0.160672
0.33015,0.160669,0.160669
0.3302,0.160666,0.160666
0.33025,0.160664,0.160664
0.3303,0.160661,0.160661
0.33035,0.160658,0.160658
0.3304,0.160655,0.160655
0.33045,0.160653,0.160653
0.3305,0.16065,0.16065
0.33055,0.160647,0.160647
0.3306,0.160644,0.160644
0.33065,0.160642,0.160642
0.3307,0.160639,0.160639
0.33075,0.160636,0.160636
0.3308,0.160634,0.160634
0.33085,0.160631,0.160631
0.3309,0.160628,0.160628
0.33095,0.160625,0.160625
0.331,0.160623,0.160623
0.33105,0.16062,0.16062
0.3311,0.160617,0.160617
0.33115,0.160614,0.160614
0.3312,0.160612,0.160612
0.33125,0.160609,0.160609
0.3313,0.160606,0.160606
0.33135,0.160603,0.160603
0.3314,0.160601,0.160601
0.33145,0.160598,0.160598
0.3315,0.160595,0.160595
0.33155,0.160592,0.160592
0.3316,0.16059,0.16059
0.33165,0.160587,0.160587
0.3317,0.160584,0.160584
0.33175,0.160581,0.160581
0.3318,0.160579,0.160579
0.33185,0.160576,0.160576
0.3319,0.160573,0.160573
0.33195,0.16057,0.16057
0.332,0.160568,0.160568
0.33205,0.160565,0.160565
0.3321,0.160562,0.160562
0.33215,0.160559,0.160559
0.3322,0.160557,0.160557
0.33225,0.160554,0.160554
0.3323,0.160551,0.160551
0.33235,0.160548,0.160548
0.3324,0.160546,0.160546
0.33245,0.160543,0.160543
0.3325,0.16054,0.16054
0.33255,0.160537,0.160537
0.3326,0.160534,0.160534
0.33265,0.160532,0.160532
0.3327,0.160529,0.160529
0.33275,0.160526,0.160526
0.3328,0.160523,0.160523
0.33285,0.160521,0.160521
0.3329,0.160518,0.160518
0.33295,0.160515,0.160515
0.333,0.160512,0.160512
0.33305,0.16051,0.16051
0.3331,0.160507,0.160507
0.33315,0.160504,0.160504
0.3332,0.160501,0.160501
0.33325,0.160498,0.160498
0.3333,0.160496,0.160496
0.33335,0.160493,0.160493
0.3334,0.16049,0.16049
0.33345,0.160487,0.160487
0.3335,0.160485,0.160485
0.33355,0.160482,0.160482
0.3336,0.160479,0.160479
0.33365,0.160476,0.160476
0.3337,0.160473,0.160473
0.33375,0.160471,0.160471
0.3338,0.160468,0.160468
0.33385,0.160465,0.160465
0.3339,0.160462,0.160462
0.33395,0.16046,0.16046
0.334,0.160457,0.160457
0.33405,0.160454,0.160454
0.3341,0.160451,0.160451
0.33415,0.160448,0.160448
0.3342,0.160446,0.160446
0.33425,0.160443,0.160443
0.3343,0.16044,0.16044
0.33435,0.160437,0.160437
0.3344,0.160434,0.160434
0.33445,0.160432,0.160432
0.3345,0.160429,0.160429
0.33455,0.160426,0.160426
0.3346,0.160423,0.160423
0.33465,0.16042,0.16042
0.3347,0.160418,0.160418
0.33475,0.160415,0.160415
0.3348,0.160412,0.160412
0.33485,0.160409,0.160409
0.3349,0.160406,0.160406
0.33495,0.160404,0.160404
0.335,0.160401,0.160401
0.33505,0.160398,0.160398
0.3351,0.160395,0.160395
0.33515,0.160392,0.160392
0.3352,0.16039,0.16039
0.33525,0.160387,0.160387
0.3353,0.160384,0.160384
0.33535,0.160381,0.160381
0.3354,0.160378,0.160378
0.33545,0.160375,0.160375
0.3355,0.160373,0.160373
0.33555,0.16037,0.16037
0.3356,0.160367,0.160367
0.33565,0.160364,0.160364
0.3357,0.160361,0.160361
0.33575,0.160359,0.160359
0.3358,0.160356,0.160356
0.33585,0.160353,0.160353
0.3359,0.16035,0.16035
0.33595,0.160347,0.160347
0.336,0.160344,0.160344
0.33605,0.160342,0.160342
0.3361,0.160339,0.160339
0.33615,0.160336,0.160336
0.3362,0.160333,0.160333
0.33625,0.16033,0.16033
0.3363,0.160328,0.160328
0.33635,0.160325,0.160325
0.3364,0.160322,0.160322
0.33645,0.160319,0.160319
0.3365,0.160316,0.160316
0.33655,0.160313,0.160313
0.3366,0.160311,0.160311
0.33665,0.160308,0.160308
0.3367,0.160305,0.160305
0.33675,0.160302,0.160302
0.3368,0.160299,0.160299
0.33685,0.160296,0.160296
0.3369,0.160294,0.160294
0.33695,0.160291,0.160291
0.337,0.160288,0.160288
0.33705,0.160285,0.160285
0.3371,0.160282,0.160282
0.33715,0.160279,0.160279
0.3372,0.160277,0.160277
0.33725,0.160274,0.160274
0.3373,0.160271,0.160271
0.33735,0.160268,0.160268
0.3374,0.160265,0.160265
0.33745,0.160262,0.160262
0.3375,0.160259,0.160259
0.33755,0.160257,0.160257
0.3376,0.160254,0.160254
0.33765,0.160251,0.160251
0.3377,0.160248,0.160248
0.33775,0.160245,0.160245
0.3378,0.160242,0.160242
0.33785,0.160239,0.160239
0.3379,0.160237,0.160237
0.33795,0.160234,0.160234
0.338,0.160231,0.160231
0.33805,0.160228,0.160228
0.3381,0.160225,0.160225
0.33815,0.160222,0.160222
0.3382,0.160219,0.160219
0.33825,0.160217,0.160217
0.3383,0.160214,0.160214
0.33835,0.160211,0.160211
0.3384,0.160208,0.160208
0.33845,0.160205,0.160205
0.3385,0.160202,0.160202
0.33855,0.160199,0.160199
0.3386,0.160197,0.160197
0.33865,0.160194,0.160194
0.3387,0.160191,0.160191
0.33875,0.160188,0.160188
0.3388,0.160185,0.160185
0.33885,0.160182,0.160182
0.3389,0.160179,0.160179
0.33895,0.160177,0.160177
0.339,0.160174,0.160174
0.33905,0.160171,0.160171
0.3391,0.160168,0.160168
0.33915,0.160165,0.160165
0.3392,0.160162,0.160162
0.33925,0.160159,0.160159
0.3393,0.160156,0.160156
0.33935,0.160153,0.160153
0.3394,0.160151,0.160151
0.33945,0.160148,0.160148
0.3395,0.160145,0.160145
0.33955,0.160142,0.160142
0.3396,0.160139,0.160139
0.33965,0.160136,0.160136
0.3397,0.160133,0.160133
0.33975,0.16013,0.16013
0.3398,0.160128,0.160128
0.33985,0.160125,0.160125
0.3399,0.160122,0.160122
0.33995,0.160119,0.160119
0.34,0.160116,0.160116
0.34005,0.160113,0.160113
0.3401,0.16011,0.16011
0.34015,0.160107,0.160107
0.3402,0.160104,0.160104
0.34025,0.160102,0.160102
0.3403,0.160099,0.160099
0.34035,0.160096,0.160096
0.3404,0.160093,0.160093
0.34045,0.16009,0.16009
0.3405,0.160087,0.160087
0.34055,0.160084,0.160084
0.3406,0.160081,0.160081
0.34065,0.160078,0.160078
0.3407,0.160075,0.160075
0.34075,0.160073,0.160073
0.3408,0.16007,0.16007
0.34085,0.160067,0.160067
0.3409,0.160064,0.160064
0.34095,0.160061,0.160061
0.341,0.160058,0.160058
0.34105,0.160055,0.160055
0.3411,0.160052,0.160052
0.34115,0.160049,0.160049
0.3412,0.160046,0.160046
0.34125,0.160043,0.160043
0.3413,0.160041,0.160041
0.34135,0.160038,0.160038
0.3414,0.160035,0.160035
0.34145,0.160032,0.160032
0.3415,0.160029,0.160029
0.34155,0.160026,0.160026
0.3416,0.160023,0.160023
0.34165,0.16002,0.16002
0.3417,0.160017,0.160017
0.34175,0.160014,0.160014
0.3418,0.160011,0.160011
0.34185,0.160008,0.160008
0.3419,0.160006,0.160006
0.34195,0.160003,0.160003
0.342,0.16,0.16
0.34205,0.159997,0.159997
0.3421,0.159994,0.159994
0.34215,0.159991,0.159991
0.3422,0.159988,0.159988
0.34225,0.159985,0.159985
0.3423,0.159982,0.159982
0.34235,0.159979,0.159979
0.3424,0.159976,0.159976
0.34245,0.159973,0.159973
0.3425,0.15997,0.15997
0.34255,0.159968,0.159968
0.3426,0.159965,0.159965
0.34265,0.159962,0.159962
0.3427,0.159959,0.159959
0.34275,0.159956,0.159956
0.3428,0.159953,0.159953
0.34285,0.15995,0.15995
0.3429,0.159947,0.159947
0.34295,0.159944,0.159944
0.343,0.159941,0.159941
0.34305,0.159938,0.159938
0.3431,0.159935,0.159935
0.34315,0.159932,0.159932
0.3432,0.159929,0.159929
0.34325,0.159926,0.159926
0.3433,0.159923,0.159923
0.34335,0.15992,0.15992
0.3434,0.159918,0.159918
0.34345,0.159915,0.159915
0.3435,0.159912,0.159912
0.34355,0.159909,0.159909
0.3436,0.159906,0.159906
0.34365,0.159903,0.159903
0.3437,0.1599,0.1599
0.34375,0.159897,0.159897
0.3438,0.159894,0.159894
0.34385,0.159891,0.159891
0.3439,0.159888,0.159888
0.34395,0.159885,0.159885
0.344,0.159882,0.159882
0.34405,0.159879,0.159879
0.3441,0.159876,0.159876
0.34415,0.159873,0.159873
0.3442,0.15987,0.15987
0.34425,0.159867,0.159867
0.3443,0.159864,0.159864
0.34435,0.159861,0.159861
0.3444,0.159858,0.159858
0.34445,0.159855,0.159855
0.3445,0.159852,0.159852
0.34455,0.159849,0.159849
0.3446,0.159847,0.159847
0.34465,0.159844,0.159844
0.3447,0.159841,0.159841
0.34475,0.159838,0.159838
0.3448,0.159835,0.159835
0.34485,0.159832,0.159832
0.3449,0.159829,0.159829
0.34495,0.159826,0.159826
0.345,0.159823,0.159823
0.34505,0.15982,0.15982
0.3451,0.159817,0.159817
0.34515,0.159814,0.159814
0.3452,0.159811,0.159811
0.34525,0.159808,0.159808
0.3453,0.159805,0.159805
0.34535,0.159802,0.159802
0.3454,0.159799,0.159799
0.34545,0.159796,0.159796
0.3455,0.159793,0.159793
0.34555,0.15979,0.15979
0.3456,0.159787,0.159787
0.34565,0.159784,0.159784
0.3457,0.159781,0.159781
0.34575,0.159778,0.159778
0.3458,0.159775,0.159775
0.34585,0.159772,0.159772
0.3459,0.159769,0.159769
0.34595,0.159766,0.159766
0.346,0.159763,0.159763
0.34605,0.15976,0.15976
0.3461,0.159757,0.159757
0.34615,0.159754,0.159754
0.3462,0.159751,0.159751
0.34625,0.159748,0.159748
0.3463,0.159745,0.159745
0.34635,0.159742,0.159742
0.3464,0.159739,0.159739
0.34645,0.159736,0.159736
0.3465,0.159733,0.159733
0.34655,0.15973,0.15973
0.3466,0.159727,0.159727
0.34665,0.159724,0.159724
0.3467,0.159721,0.159721
0.34675,0.159718,0.159718
0.3468,0.159715,0.159715
0.34685,0.159712,0.159712
0.3469,0.159709,0.159709
0.34695,0.159706,0.159706
0.347,0.159703,0.159703
0.34705,0.1597,0.1597
0.3471,0.159697,0.159697
0.34715,0.159694,0.159694
0.3472,0.159691,0.159691
0.34725,0.159688,0.159688
0.3473,0.159685,0.159685
0.34735,0.159682,0.159682
0.3474,0.159679,0.159679
0.34745,0.159676,0.159676
0.3475,0.159673,0.159673
0.34755,0.15967,0.15967
0.3476,0.159667,0.159667
0.34765,0.159664,0.159664
0.3477,0.159661,0.159661
0.34775,0.159658,0.159658
0.3478,0.159655,0.159655
0.34785,0.159652,0.159652
0.3479,0.159649,0.159649
0.34795,0.159646,0.159646
0.348,0.159643,0.159643
0.34805,0.15964,0.15964
0.3481,0.159637,0.159637
0.34815,0.159634,0.159634
0.3482,0.159631,0.159631
0.34825,0.159627,0.159627
0.3483,0.159624,0.159624
0.34835,0.159621,0.159621
0.3484,0.159618,0.159618
0.34845,0.159615,0.159615
0.3485,0.159612,0.159612
0.34855,0.159609,0.159609
0.3486,0.159606,0.159606
0.34865,0.159603,0.159603
0.3487,0.1596,0.1596
0.34875,0.159597,0.159597
0.3488,0.159594,0.159594
0.34885,0.159591,0.159591
0.3489,0.159588,0.159588
0.34895,0.159585,0.159585
0.349,0.159582,0.159582
0.34905,0.159579,0.159579
0.3491,0.159576,0.159576
0.34915,0.159573,0.159573
0.3492,0.15957,0.15957
0.34925,0.159567,0.159567
0.3493,0.159564,0.159564
0.34935,0.159561,0.159561
0.3494,0.159558,0.159558
0.34945,0.159554,0.159554
0.3495,0.159551,0.159551
0.34955,0.159548,0.159548
0.3496,0.159545,0.159545
0.34965,0.159542,0.159542
0.3497,0.159539,0.159539
0.34975,0.159536,0.159536
0.3498,0.159533,0.159533
0.34985,0.15953,0.15953
0.3499,0.159527,0.159527
0.34995,0.159524,0.159524
0.35,0.159521,0.159521
0.35005,0.159518,0.159518
0.3501,0.159515,0.159515
0.35015,0.159512,0.159512
0.3502,0.159509,0.159509
0.35025,0.159506,0.159506
0.3503,0.159502,0.159502
0.35035,0.159499,0.159499
0.3504,0.159496,0.159496
0.35045,0.159493,0.159493
0.3505,0.15949,0.15949
0.35055,0.159487,0.159487
0.3506,0.159484,0.159484
0.35065,0.159481,0.159481
0.3507,0.159478,0.159478
0.35075,0.159475,0.159475
0.3508,0.159472,0.159472
0.35085,0.159469,0.159469
0.3509,0.159466,0.159466
0.35095,0.159462,0.159462
0.351,0.159459,0.159459
0.35105,0.159456,0.159456
0.3511,0.159453,0.159453
0.35115,0.15945,0.15945
0.3512,0.159447,0.159447
0.35125,0.159444,0.159444
0.3513,0.159441,0.159441
0.35135,0.159438,0.159438
0.3514,0.159435,0.159435
0.35145,0.159432,0.159432
0.3515,0.159429,0.159429
0.35155,0.159425,0.159425
0.3516,0.159422,0.159422
0.35165,0.159419,0.159419
0.3517,0.159416,0.159416
0.35175,0.159413,0.159413
0.3518,0.15941,0.15941
0.35185,0.159407,0.159407
0.3519,0.159404,0.159404
0.35195,0.159401,0.159401
0.352,0.159398,0.159398
0.35205,0.159395,0.159395
0.3521,0.159391,0.159391
0.35215,0.159388,0.159388
0.3522,0.159385,0.159385
0.35225,0.159382,0.159382
0.3523,0.159379,0.159379
0.35235,0.159376,0.159376
0.3524,0.159373,0.159373
0.35245,0.15937,0.15937
0.3525,0.159367,0.159367
0.35255,0.159364,0.159364
0.3526,0.15936,0.15936
0.35265,0.159357,0.159357
0.3527,0.159354,0.159354
0.35275,0.159351,0.159351
0.3528,0.159348,0.159348
0.35285,0.159345,0.159345
0.3529,0.159342,0.159342
0.35295,0.159339,0.159339
0.353,0.159336,0.159336
0.35305,0.159332,0.159332
0.3531,0.159329,0.159329
0.35315,0.159326,0.159326
0.3532,0.159323,0.159323
0.35325,0.15932,0.15932
0.3533,0.159317,0.159317
0.35335,0.159314,0.159314
0.3534,0.159311,0.159311
0.35345,0.159307,0.159307
0.3535,0.159304,0.159304
0.35355,0.159301,0.159301
0.3536,0.159298,0.159298
0.35365,0.159295,0.159295
0.3537,0.159292,0.159292
0.35375,0.159289,0.159289
0.3538,0.159286,0.159286
0.35385,0.159282,0.159282
0.3539,0.159279,0.159279
0.35395,0.159276,0.159276
0.354,0.159273,0.159273
0.35405,0.15927,0.15927
0.3541,0.159267,0.159267
0.35415,0.159264,0.159264
0.3542,0.15926,0.15926
0.35425,0.159257,0.159257
0.3543,0.159254,0.159254
0.35435,0.159251,0.159251
0.3544,0.159248,0.159248
0.35445,0.159245,0.159245
0.3545,0.159242,0.159242
0.35455,0.159239,0.159239
0.3546,0.159235,0.159235
0.35465,0.159232,0.159232
0.3547,0.159229,0.159229
0.35475,0.159226,0.159226
0.3548,0.159223,0.159223
0.35485,0.15922,0.15922
0.3549,0.159216,0.159216
0.35495,0.159213,0.159213
0.355,0.15921,0.15921
0.35505,0.159207,0.159207
0.3551,0.159204,0.159204
0.35515,0.159201,0.159201
0.3552,0.159198,0.159198
0.35525,0.159194,0.159194
0.3553,0.159191,0.159191
0.35535,0.159188,0.159188
0.3554,0.159185,0.159185
0.35545,0.159182,0.159182
0.3555,0.159179,0.159179
0.35555,0.159175,0.159175
0.3556,0.159172,0.159172
0.35565,0.159169,0.159169
0.3557,0.159166,0.159166
0.35575,0.159163,0.159163
0.3558,0.15916,0.15916
0.35585,0.159156,0.159156
0.3559,0.159153,0.159153
0.35595,0.15915,0.15915
0.356,0.159147,0.159147
0.35605,0.159144,0.159144
0.3561,0.159141,0.159141
0.35615,0.159137,0.159137
0.3562,0.159134,0.159134
0.35625,0.159131,0.159131
0.3563,0.159128,0.159128
0.35635,0.159125,0.159125
0.3564,0.159122,0.159122
0.35645,0.159118,0.159118
0.3565,0.159115,0.159115
0.35655,0.159112,0.159112
0.3566,0.159109,0.159109
0.35665,0.159106,0.159106
0.3567,0.159103,0.159103
0.35675,0.159099,0.159099
0.3568,0.159096,0.159096
0.35685,0.159093,0.159093
0.3569,0.15909,0.15909
0.35695,0.159087,0.159087
0.357,0.159083,0.159083
0.35705,0.15908,0.15908
0.3571,0.159077,0.159077
0.35715,0.159074,0.159074
0.3572,0.159071,0.159071
0.35725,0.159068,0.159068
0.3573,0.159064,0.159064
0.35735,0.159061,0.159061
0.3574,0.159058,0.159058
0.35745,0.159055,0.159055
0.3575,0.159052,0.159052
0.35755,0.159048,0.159048
0.3576,0.159045,0.159045
0.35765,0.159042,0.159042
0.3577,0.159039,0.159039
0.35775,0.159036,0.159036
0.3578,0.159032,0.159032
0.35785,0.159029,0.159029
0.3579,0.159026,0.159026
0.35795,0.159023,0.159023
0.358,0.15902,0.15902
0.35805,0.159016,0.159016
0.3581,0.159013,0.159013
0.35815,0.15901,0.15901
0.3582,0.159007,0.159007
0.35825,0.159004,0.159004
0.3583,0.159,0.159
0.35835,0.158997,0.158997
0.3584,0.158994,0.158994
0.35845,0.158991,0.158991
0.3585,0.158987,0.158987
0.35855,0.158984,0.158984
0.3586,0.158981,0.158981
0.35865,0.158978,0.158978
0.3587,0.158975,0.158975
0.35875,0.158971,0.158971
0.3588,0.158968,0.158968
0.35885,0.158965,0.158965
0.3589,0.158962,0.158962
0.35895,0.158959,0.158959
0.359,0.158955,0.158955
0.35905,0.158952,0.158952
0.3591,0.158949,0.158949
0.35915,0.158946,0.158946
0.3592,0.158942,0.158942
0.35925,0.158939,0.158939
0.3593,0.158936,0.158936
0.35935,0.158933,0.158933
0.3594,0.158929,0.158929
0.35945,0.158926,0.158926
0.3595,0.158923,0.158923
0.35955,0.15892,0.15892
0.3596,0.158917,0.158917
0.35965,0.158913,0.158913
0.3597,0.15891,0.15891
0.35975,0.158907,0.158907
0.3598,0.158904,0.158904
0.35985,0.1589,0.1589
0.3599,0.158897,0.158897
0.35995,0.158894,0.158894
0.36,0.158891,0.158891
0.36005,0.158887,0.158887
0.3601,0.158884,0.158884
0.36015,0.158881,0.158881
0.3602,0.158878,0.158878
0.36025,0.158874,0.158874
0.3603,0.158871,0.158871
0.36035,0.158868,0.158868
0.3604,0.158865,0.158865
0.36045,0.158861,0.158861
0.3605,0.158858,0.158858
0.36055,0.158855,0.158855
0.3606,0.158852,0.158852
0.36065,0.158848,0.158848
0.3607,0.158845,0.158845
0.36075,0.158842,0.158842
0.3608,0.158839,0.158839
0.36085,0.158835,0.158835
0.3609,0.158832,0.158832
0.36095,0.158829,0.158829
0.361,0.158826,0.158826
0.36105,0.158822,0.158822
0.3611,0.158819,0.158819
0.36115,0.158816,0.158816
0.3612,0.158813,0.158813
0.36125,0.158809,0.158809
0.3613,0.158806,0.158806
0.36135,0.158803,0.158803
0.3614,0.1588,0.1588
0.36145,0.158796,0.158796
0.3615,0.158793,0.158793
0.36155,0.15879,0.15879
0.3616,0.158787,0.158787
0.36165,0.158783,0.158783
0.3617,0.15878,0.15878
0.36175,0.158777,0.158777
0.3618,0.158773,0.158773
0.36185,0.15877,0.15877
0.3619,0.158767,0.158767
0.36195,0.158764,0.158764
0.362,0.15876,0.15876
0.36205,0.158757,0.158757
0.3621,0.158754,0.158754
0.36215,0.158751,0.158751
0.3622,0.158747,0.158747
0.36225,0.158744,0.158744
0.3623,0.158741,0.158741
0.36235,0.158737,0.158737
0.3624,0.158734,0.158734
0.36245,0.158731,0.158731
0.3625,0.158728,0.158728
0.36255,0.158724,0.158724
0.3626,0.158721,0.158721
0.36265,0.158718,0.158718
0.3627,0.158714,0.158714
0.36275,0.158711,0.158711
0.3628,0.158708,0.158708
0.36285,0.158705,0.158705
0.3629,0.158701,0.158701
0.36295,0.158698,0.158698
0.363,0.158695,0.158695
0.36305,0.158691,0.158691
0.3631,0.158688,0.158688
0.36315,0.158685,0.158685
0.3632,0.158681,0.158681
0.36325,0.158678,0.158678
0.3633,0.158675,0.158675
0.36335,0.158672,0.158672
0.3634,0.158668,0.158668
0.36345,0.158665,0.158665
0.3635,0.158662,0.158662
0.36355,0.158658,0.158658
0.3636,0.158655,0.158655
0.36365,0.158652,0.158652
0.3637,0.158648,0.158648
0.36375,0.158645,0.158645
0.3638,0.158642,0.158642
0.36385,0.158639,0.158639
0.3639,0.158635,0.158635
0.36395,0.158632,0.158632
0.364,0.158629,0.158629
0.36405,0.158625,0.158625
0.3641,0.158622,0.158622
0.36415,0.158619,0.158619
0.3642,0.158615,0.158615
0.36425,0.158612,0.158612
0.3643,0.158609,0.158609
0.36435,0.158605,0.158605
0.3644,0.158602,0.158602
0.36445,0.158599,0.158599
0.3645,0.158595,0.158595
0.36455,0.158592,0.158592
0.3646,0.158589,0.158589
0.36465,0.158585,0.158585
0.3647,0.158582,0.158582
0.36475,0.158579,0.158579
0.3648,0.158575,0.158575
0.36485,0.158572,0.158572
0.3649,0.158569,0.158569
0.36495,0.158565,0.158565
0.365,0.158562,0.158562
0.36505,0.158559,0.158559
0.3651,0.158555,0.158555
0.36515,0.158552,0.158552
0.3652,0.158549,0.158549
0.36525,0.158545,0.158545
0.3653,0.158542,0.158542
0.36535,0.158539,0.158539
0.3654,0.158535,0.158535
0.36545,0.158532,0.158532
0.3655,0.158529,0.158529
0.36555,0.158525,0.158525
0.3656,0.158522,0.158522
0.36565,0.158519,0.158519
0.3657,0.158515,0.158515
0.36575,0.158512,0.158512
0.3658,0.158509,0.158509
0.36585,0.158505,0.158505
0.3659,0.158502,0.158502
0.36595,0.158499,0.158499
0.366,0.158495,0.158495
0.36605,0.158492,0.158492
0.3661,0.158489,0.158489
0.36615,0.158485,0.158485
0.3662,0.158482,0.158482
0.36625,0.158479,0.158479
0.3663,0.158475,0.158475
0.36635,0.158472,0.158472
0.3664,0.158469,0.158469
0.36645,0.158465,0.158465
0.3665,0.158462,0.158462
0.36655,0.158458,0.158458
0.3666,0.158455,0.158455
0.36665,0.158452,0.158452
0.3667,0.158448,0.158448
0.36675,0.158445,0.158445
0.3668,0.158442,0.158442
0.36685,0.158438,0.158438
0.3669,0.158435,0.158435
0.36695,0.158432,0.158432
0.367,0.158428,0.158428
0.36705,0.158425,0.158425
0.3671,0.158421,0.158421
0.36715,0.158418,0.158418
0.3672,0.158415,0.158415
0.36725,0.158411,0.158411
0.3673,0.158408,0.158408
0.36735,0.158405,0.158405
0.3674,0.158401,0.158401
0.36745,0.158398,0.158398
0.3675,0.158394,0.158394
0.36755,0.158391,0.158391
0.3676,0.158388,0.158388
0.36765,0.158384,0.158384
0.3677,0.158381,0.158381
0.36775,0.158378,0.158378
0.3678,0.158374,0.158374
0.36785,0.158371,0.158371
0.3679,0.158367,0.158367
0.36795,0.158364,0.158364
0.368,0.158361,0.158361
0.36805,0.158357,0.158357
0.3681,0.158354,0.158354
0.36815,0.15835,0.158351
0.3682,0.158347,0.158347
0.36825,0.158344,0.158344
0.3683,0.15834,0.15834
0.36835,0.158337,0.158337
0.3684,0.158334,0.158334
0.36845,0.15833,0.15833
0.3685,0.158327,0.158327
0.36855,0.158323,0.158323
0.3686,0.15832,0.15832
0.36865,0.158317,0.158317
0.3687,0.158313,0.158313
0.36875,0.15831,0.15831
0.3688,0.158306,0.158306
0.36885,0.158303,0.158303
0.3689,0.1583,0.1583
0.36895,0.158296,0.158296
0.369,0.158293,0.158293
0.36905,0.158289,0.158289
0.3691,0.158286,0.158286
0.36915,0.158283,0.158283
0.3692,0.158279,0.158279
0.36925,0.158276,0.158276
0.3693,0.158272,0.158272
0.36935,0.158269,0.158269
0.3694,0.158266,0.158266
0.36945,0.158262,0.158262
0.3695,0.158259,0.158259
0.36955,0.158255,0.158255
0.3696,0.158252,0.158252
0.36965,0.158248,0.158248
0.3697,0.158245,0.158245
0.36975,0.158242,0.158242
0.3698,0.158238,0.158238
0.36985,0.158235,0.158235
0.3699,0.158231,0.158231
0.36995,0.158228,0.158228
0.37,0.158224,0.158225
0.37005,0.158221,0.158221
0.3701,0.158218,0.158218
0.37015,0.158214,0.158214
0.3702,0.158211,0.158211
0.37025,0.158207,0.158207
0.3703,0.158204,0.158204
0.37035,0.158201,0.158201
0.3704,0.158197,0.158197
0.37045,0.158194,0.158194
0.3705,0.15819,0.15819
0.37055,0.158187,0.158187
0.3706,0.158183,0.158183
0.37065,0.15818,0.15818
0.3707,0.158176,0.158176
0.37075,0.158173,0.158173
0.3708,0.15817,0.15817
0.37085,0.158166,0.158166
0.3709,0.158163,0.158163
0.37095,0.158159,0.158159
0.371,0.158156,0.158156
0.37105,0.158152,0.158152
0.3711,0.158149,0.158149
0.37115,0.158146,0.158146
0.3712,0.158142,0.158142
0.37125,0.158139,0.158139
0.3713,0.158135,0.158135
0.37135,0.158132,0.158132
0.3714,0.158128,0.158128
0.37145,0.158125,0.158125
0.3715,0.158121,0.158121
0.37155,0.158118,0.158118
0.3716,0.158115,0.158115
0.37165,0.158111,0.158111
0.3717,0.158108,0.158108
0.37175,0.158104,0.158104
0.3718,0.158101,0.158101
0.37185,0.158097,0.158097
0.3719,0.158094,0.158094
0.37195,0.15809,0.15809
0.372,0.158087,0.158087
0.37205,0.158083,0.158083
0.3721,0.15808,0.15808
0.37215,0.158076,0.158076
0.3722,0.158073,0.158073
0.37225,0.15807,0.15807
0.3723,0.158066,0.158066
0.37235,0.158063,0.158063
0.3724,0.158059,0.158059
0.37245,0.158056,0.158056
0.3725,0.158052,0.158052
0.37255,0.158049,0.158049
0.3726,0.158045,0.158045
0.37265,0.158042,0.158042
0.3727,0.158038,0.158038
0.37275,0.158035,0.158035
0.3728,0.158031,0.158031
0.37285,0.158028,0.158028
0.3729,0.158024,0.158024
0.37295,0.158021,0.158021
0.373,0.158017,0.158017
0.37305,0.158014,0.158014
0.3731,0.158011,0.158011
0.37315,0.158007,0.158007
0.3732,0.158004,0.158004
0.37325,0.158,0.158
0.3733,0.157997,0.157997
0.37335,0.157993,0.157993
0.3734,0.15799,0.15799
0.37345,0.157986,0.157986
0.3735,0.157983,0.157983
0.37355,0.157979,0.157979
0.3736,0.157976,0.157976
0.37365,0.157972,0.157972
0.3737,0.157969,0.157969
0.37375,0.157965,0.157965
0.3738,0.157962,0.157962
0.37385,0.157958,0.157958
0.3739,0.157955,0.157955
0.37395,0.157951,0.157951
0.374,0.157948,0.157948
0.37405,0.157944,0.157944
0.3741,0.157941,0.157941
0.37415,0.157937,0.157937
0.3742,0.157934,0.157934
0.37425,0.15793,0.15793
0.3743,0.157927,0.157927
0.37435,0.157923,0.157923
0.3744,0.15792,0.15792
0.37445,0.157916,0.157916
0.3745,0.157913,0.157913
0.37455,0.157909,0.157909
0.3746,0.157906,0.157906
0.37465,0.157902,0.157902
0.3747,0.157899,0.157899
0.37475,0.157895,0.157895
0.3748,0.157892,0.157892
0.37485,0.157888,0.157888
0.3749,0.157885,0.157885
0.37495,0.157881,0.157881
0.375,0.157878,0.157878
0.37505,0.157874,0.157874
0.3751,0.157871,0.157871
0.37515,0.157867,0.157867
0.3752,0.157864,0.157864
0.37525,0.15786,0.15786
0.3753,0.157856,0.157856
0.37535,0.157853,0.157853
0.3754,0.157849,0.157849
0.37545,0.157846,0.157846
0.3755,0.157842,0.157842
0.37555,0.157839,0.157839
0.3756,0.157835,0.157835
0.37565,0.157832,0.157832
0.3757,0.157828,0.157828
0.37575,0.157825,0.157825
0.3758,0.157821,0.157821
0.37585,0.157818,0.157818
0.3759,0.157814,0.157814
0.37595,0.157811,0.157811
0.376,0.157807,0.157807
0.37605,0.157804,0.157804
0.3761,0.1578,0.1578
0.37615,0.157796,0.157796
0.3762,0.157793,0.157793
0.37625,0.157789,0.157789
0.3763,0.157786,0.157786
0.37635,0.157782,0.157782
0.3764,0.157779,0.157779
0.37645,0.157775,0.157775
0.3765,0.157772,0.157772
0.37655,0.157768,0.157768
0.3766,0.157765,0.157765
0.37665,0.157761,0.157761
0.3767,0.157758,0.157758
0.37675,0.157754,0.157754
0.3768,0.15775,0.15775
0.37685,0.157747,0.157747
0.3769,0.157743,0.157743
0.37695,0.15774,0.15774
0.377,0.157736,0.157736
0.37705,0.157733,0.157733
0.3771,0.157729,0.157729
0.37715,0.157726,0.157726
0.3772,0.157722,0.157722
0.37725,0.157718,0.157718
0.3773,0.157715,0.157715
0.37735,0.157711,0.157711
0.3774,0.157708,0.157708
0.37745,0.157704,0.157704
0.3775,0.157701,0.157701
0.37755,0.157697,0.157697
0.3776,0.157694,0.157694
0.37765,0.15769,0.15769
0.3777,0.157686,0.157686
0.37775,0.157683,0.157683
0.3778,0.157679,0.157679
0.37785,0.157676,0.157676
0.3779,0.157672,0.157672
0.37795,0.157669,0.157669
0.378,0.157665,0.157665
0.37805,0.157661,0.157661
0.3781,0.157658,0.157658
0.37815,0.157654,0.157654
0.3782,0.157651,0.157651
0.37825,0.157647,0.157647
0.3783,0.157644,0.157644
0.37835,0.15764,0.15764
0.3784,0.157636,0.157636
0.37845,0.157633,0.157633
0.3785,0.157629,0.157629
0.37855,0.157626,0.157626
0.3786,0.157622,0.157622
0.37865,0.157618,0.157618
0.3787,0.157615,0.157615
0.37875,0.157611,0.157611
0.3788,0.157608,0.157608
0.37885,0.157604,0.157604
0.3789,0.157601,0.157601
0.37895,0.157597,0.157597
0.379,0.157593,0.157593
0.37905,0.15759,0.15759
0.3791,0.157586,0.157586
0.37915,0.157583,0.157583
0.3792,0.157579,0.157579
0.37925,0.157575,0.157575
0.3793,0.157572,0.157572
0.37935,0.157568,0.157568
0.3794,0.157565,0.157565
0.37945,0.157561,0.157561
0.3795,0.157557,0.157557
0.37955,0.157554,0.157554
0.3796,0.15755,0.15755
0.37965,0.157547,0.157547
0.3797,0.157543,0.157543
0.37975,0.157539,0.157539
0.3798,0.157536,0.157536
0.37985,0.157532,0.157532
0.3799,0.157529,0.157529
0.37995,0.157525,0.157525
0.38,0.157521,0.157521
0.38005,0.157518,0.157518
0.3801,0.157514,0.157514
0.38015,0.15751,0.15751
0.3802,0.157507,0.157507
0.38025,0.157503,0.157503
0.3803,0.1575,0.1575
0.38035,0.157496,0.157496
0.3804,0.157492,0.157492
0.38045,0.157489,0.157489
0.3805,0.157485,0.157485
0.38055,0.157482,0.157482
0.3806,0.157478,0.157478
0.38065,0.157474,0.157474
0.3807,0.157471,0.157471
0.38075,0.157467,0.157467
0.3808,0.157463,0.157463
0.38085,0.15746,0.15746
0.3809,0.157456,0.157456
0.38095,0.157453,0.157453
0.381,0.157449,0.157449
0.38105,0.157445,0.157445
0.3811,0.157442,0.157442
0.38115,0.157438,0.157438
0.3812,0.157434,0.157434
0.38125,0.157431,0.157431
0.3813,0.157427,0.157427
0.38135,0.157424,0.157424
0.3814,0.15742,0.15742
0.38145,0.157416,0.157416
0.3815,0.157413,0.157413
0.38155,0.157409,0.157409
0.3816,0.157405,0.157405
0.38165,0.157402,0.157402
0.3817,0.157398,0.157398
0.38175,0.157394,0.157394
0.3818,0.157391,0.157391
0.38185,0.157387,0.157387
0.3819,0.157383,0.157383
0.38195,0.15738,0.15738
0.382,0.157376,0.157376
0.38205,0.157373,0.157373
0.3821,0.157369,0.157369
0.38215,0.157365,0.157365
0.3822,0.157362,0.157362
0.38225,0.157358,0.157358
0.3823,0.157354,0.157354
0.38235,0.157351,0.157351
0.3824,0.157347,0.157347
0.38245,0.157343,0.157343
0.3825,0.15734,0.15734
0.38255,0.157336,0.157336
0.3826,0.157332,0.157332
0.38265,0.157329,0.157329
0.3827,0.157325,0.157325
0.38275,0.157321,0.157321
0.3828,0.157318,0.157318
0.38285,0.157314,0.157314
0.3829,0.15731,0.15731
0.38295,0.157307,0.157307
0.383,0.157303,0.157303
0.38305,0.157299,0.157299
0.3831,0.157296,0.157296
0.38315,0.157292,0.157292
0.3832,0.157288,0.157288
0.38325,0.157285,0.157285
0.3833,0.157281,0.157281
0.38335,0.157277,0.157277
0.3834,0.157274,0.157274
0.38345,0.15727,0.15727
0.3835,0.157266,0.157266
0.38355,0.157263,0.157263
0.3836,0.157259,0.157259
0.38365,0.157255,0.157255
0.3837,0.157252,0.157252
0.38375,0.157248,0.157248
0.3838,0.157244,0.157244
0.38385,0.157241,0.157241
0.3839,0.157237,0.157237
0.38395,0.157233,0.157233
0.384,0.157229,0.157229
0.38405,0.157226,0.157226
0.3841,0.157222,0.157222
0.38415,0.157218,0.157218
0.3842,0.157215,0.157215
0.38425,0.157211,0.157211
0.3843,0.157207,0.157207
0.38435,0.157204,0.157204
0.3844,0.1572,0.1572
0.38445,0.157196,0.157196
0.3845,0.157193,0.157193
0.38455,0.157189,0.157189
0.3846,0.157185,0.157185
0.38465,0.157181,0.157181
0.3847,0.157178,0.157178
0.38475,0.157174,0.157174
0.3848,0.15717,0.15717
0.38485,0.157167,0.157167
0.3849,0.157163,0.157163
0.38495,0.157159,0.157159
0.385,0.157156,0.157156
0.38505,0.157152,0.157152
0.3851,0.157148,0.157148
0.38515,0.157144,0.157144
0.3852,0.157141,0.157141
0.38525,0.157137,0.157137
0.3853,0.157133,0.157133
0.38535,0.15713,0.15713
0.3854,0.157126,0.157126
0.38545,0.157122,0.157122
0.3855,0.157118,0.157118
0.38555,0.157115,0.157115
0.3856,0.157111,0.157111
0.38565,0.157107,0.157107
0.3857,0.157104,0.157104
0.38575,0.1571,0.1571
0.3858,0.157096,0.157096
0.38585,0.157092,0.157092
0.3859,0.157089,0.157089
0.38595,0.157085,0.157085
0.386,0.157081,0.157081
0.38605,0.157078,0.157078
0.3861,0.157074,0.157074
0.38615,0.15707,0.15707
0.3862,0.157066,0.157066
0.38625,0.157063,0.157063
0.3863,0.157059,0.157059
0.38635,0.157055,0.157055
0.3864,0.157051,0.157051
0.38645,0.157048,0.157048
0.3865,0.157044,0.157044
0.38655,0.15704,0.15704
0.3866,0.157036,0.157036
0.38665,0.157033,0.157033
0.3867,0.157029,0.157029
0.38675,0.157025,0.157025
0.3868,0.157022,0.157022
0.38685,0.157018,0.157018
0.3869,0.157014,0.157014
0.38695,0.15701,0.15701
0.387,0.157007,0.157007
0.38705,0.157003,0.157003
0.3871,0.156999,0.156999
0.38715,0.156995,0.156995
0.3872,0.156992,0.156992
0.38725,0.156988,0.156988
0.3873,0.156984,0.156984
0.38735,0.15698,0.15698
0.3874,0.156977,0.156977
0.38745,0.156973,0.156973
0.3875,0.156969,0.156969
0.38755,0.156965,0.156965
0.3876,0.156962,0.156962
0.38765,0.156958,0.156958
0.3877,0.156954,0.156954
0.38775,0.15695,0.15695
0.3878,0.156947,0.156947
0.38785,0.156943,0.156943
0.3879,0.156939,0.156939
0.38795,0.156935,0.156935
0.388,0.156931,0.156931
0.38805,0.156928,0.156928
0.3881,0.156924,0.156924
0.38815,0.15692,0.15692
0.3882,0.156916,0.156916
0.38825,0.156913,0.156913
0.3883,0.156909,0.156909
0.38835,0.156905,0.156905
0.3884,0.156901,0.156901
0.38845,0.156898,0.156898
0.3885,0.156894,0.156894
0.38855,0.15689,0.15689
0.3886,0.156886,0.156886
0.38865,0.156882,0.156882
0.3887,0.156879,0.156879
0.38875,0.156875,0.156875
0.3888,0.156871,0.156871
0.38885,0.156867,0.156867
0.3889,0.156864,0.156864
0.38895,0.15686,0.15686
0.389,0.156856,0.156856
0.38905,0.156852,0.156852
0.3891,0.156848,0.156848
0.38915,0.156845,0.156845
0.3892,0.156841,0.156841
0.38925,0.156837,0.156837
0.3893,0.156833,0.156833
0.38935,0.15683,0.15683
0.3894,0.156826,0.156826
0.38945,0.156822,0.156822
0.3895,0.156818,0.156818
0.38955,0.156814,0.156814
0.3896,0.156811,0.156811
0.38965,0.156807,0.156807
0.3897,0.156803,0.156803
0.38975,0.156799,0.156799
0.3898,0.156795,0.156795
0.38985,0.156792,0.156792
0.3899,0.156788,0.156788
0.38995,0.156784,0.156784
0.39,0.15678,0.15678
0.39005,0.156776,0.156776
0.3901,0.156773,0.156773
0.39015,0.156769,0.156769
0.3902,0.156765,0.156765
0.39025,0.156761,0.156761
0.3903,0.156757,0.156757
0.39035,0.156754,0.156754
0.3904,0.15675,0.15675
0.39045,0.156746,0.156746
0.3905,0.156742,0.156742
0.39055,0.156738,0.156738
0.3906,0.156734,0.156734
0.39065,0.156731,0.156731
0.3907,0.156727,0.156727
0.39075,0.156723,0.156723
0.3908,0.156719,0.156719
0.39085,0.156715,0.156715
0.3909,0.156712,0.156712
0.39095,0.156708,0.156708
0.391,0.156704,0.156704
0.39105,0.1567,0.1567
0.3911,0.156696,0.156696
0.39115,0.156692,0.156692
0.3912,0.156689,0.156689
0.39125,0.156685,0.156685
0.3913,0.156681,0.156681
0.39135,0.156677,0.156677
0.3914,0.156673,0.156673
0.39145,0.156669,0.156669
0.3915,0.156666,0.156666
0.39155,0.156662,0.156662
0.3916,0.156658,0.156658
0.39165,0.156654,0.156654
0.3917,0.15665,0.15665
0.39175,0.156646,0.156646
0.3918,0.156643,0.156643
0.39185,0.156639,0.156639
0.3919,0.156635,0.156635
0.39195,0.156631,0.156631
0.392,0.156627,0.156627
0.39205,0.156623,0.156623
0.3921,0.15662,0.15662
0.39215,0.156616,0.156616
0.3922,0.156612,0.156612
0.39225,0.156608,0.156608
0.3923,0.156604,0.156604
0.39235,0.1566,0.1566
0.3924,0.156597,0.156597
0.39245,0.156593,0.156593
0.3925,0.156589,0.156589
0.39255,0.156585,0.156585
0.3926,0.156581,0.156581
0.39265,0.156577,0.156577
0.3927,0.156573,0.156573
0.39275,0.15657,0.15657
0.3928,0.156566,0.156566
0.39285,0.156562,0.156562
0.3929,0.156558,0.156558
0.39295,0.156554,0.156554
0.393,0.15655,0.15655
0.39305,0.156546,0.156546
0.3931,0.156543,0.156543
0.39315,0.156539,0.156539
0.3932,0.156535,0.156535
0.39325,0.156531,0.156531
0.3933,0.156527,0.156527
0.39335,0.156523,0.156523
0.3934,0.156519,0.156519
0.39345,0.156515,0.156515
0.3935,0.156512,0.156512
0.39355,0.156508,0.156508
0.3936,0.156504,0.156504
0.39365,0.1565,0.1565
0.3937,0.156496,0.156496
0.39375,0.156492,0.156492
0.3938,0.156488,0.156488
0.39385,0.156484,0.156484
0.3939,0.156481,0.156481
0.39395,0.156477,0.156477
0.394,0.156473,0.156473
0.39405,0.156469,0.156469
0.3941,0.156465,0.156465
0.39415,0.156461,0.156461
0.3942,0.156457,0.156457
0.39425,0.156453,0.156453
0.3943,0.15645,0.15645
0.39435,0.156446,0.156446
0.3944,0.156442,0.156442
0.39445,0.156438,0.156438
0.3945,0.156434,0.156434
0.39455,0.15643,0.15643
0.3946,0.156426,0.156426
0.39465,0.156422,0.156422
0.3947,0.156418,0.156418
0.39475,0.156415,0.156415
0.3948,0.156411,0.156411
0.39485,0.156407,0.156407
0.3949,0.156403,0.156403
0.39495,0.156399,0.156399
0.395,0.156395,0.156395
0.39505,0.156391,0.156391
0.3951,0.156387,0.156387
0.39515,0.156383,0.156383
0.3952,0.156379,0.156379
0.39525,0.156376,0.156376
0.3953,0.156372,0.156372
0.39535,0.156368,0.156368
0.3954,0.156364,0.156364
0.39545,0.15636,0.15636
0.3955,0.156356,0.156356
0.39555,0.156352,0.156352
0.3956,0.156348,0.156348
0.39565,0.156344,0.156344
0.3957,0.15634,0.15634
0.39575,0.156336,0.156336
0.3958,0.156332,0.156332
0.39585,0.156329,0.156329
0.3959,0.156325,0.156325
0.39595,0.156321,0.156321
0.396,0.156317,0.156317
0.39605,0.156313,0.156313
0.3961,0.156309,0.156309
0.39615,0.156305,0.156305
0.3962,0.156301,0.156301
0.39625,0.156297,0.156297
0.3963,0.156293,0.156293
0.39635,0.156289,0.156289
0.3964,0.156285,0.156285
0.39645,0.156281,0.156281
0.3965,0.156278,0.156278
0.39655,0.156274,0.156274
0.3966,0.15627,0.15627
0.39665,0.156266,0.156266
0.3967,0.156262,0.156262
0.39675,0.156258,0.156258
0.3968,0.156254,0.156254
0.39685,0.15625,0.15625
0.3969,0.156246,0.156246
0.39695,0.156242,0.156242
0.397,0.156238,0.156238
0.39705,0.156234,0.156234
0.3971,0.15623,0.15623
0.39715,0.156226,0.156226
0.3972,0.156222,0.156222
0.39725,0.156218,0.156218
0.3973,0.156215,0.156215
0.39735,0.156211,0.156211
0.3974,0.156207,0.156207
0.39745,0.156203,0.156203
0.3975,0.156199,0.156199
0.39755,0.156195,0.156195
0.3976,0.156191,0.156191
0.39765,0.156187,0.156187
0.3977,0.156183,0.156183
0.39775,0.156179,0.156179
0.3978,0.156175,0.156175
0.39785,0.156171,0.156171
0.3979,0.156167,0.156167
0.39795,0.156163,0.156163
0.398,0.156159,0.156159
0.39805,0.156155,0.156155
0.3981,0.156151,0.156151
0.39815,0.156147,0.156147
0.3982,0.156143,0.156143
0.39825,0.156139,0.156139
0.3983,0.156135,0.156135
0.39835,0.156131,0.156131
0.3984,0.156127,0.156127
0.39845,0.156124,0.156124
0.3985,0.15612,0.15612
0.39855,0.156116,0.156116
0.3986,0.156112,0.156112
0.39865,0.156108,0.156108
0.3987,0.156104,0.156104
0.39875,0.1561,0.1561
0.3988,0.156096,0.156096
0.39885,0.156092,0.156092
0.3989,0.156088,0.156088
0.39895,0.156084,0.156084
0.399,0.15608,0.15608
0.39905,0.156076,0.156076
0.3991,0.156072,0.156072
0.39915,0.156068,0.156068
0.3992,0.156064,0.156064
0.39925,0.15606,0.15606
0.3993,0.156056,0.156056
0.39935,0.156052,0.156052
0.3994,0.156048,0.156048
0.39945,0.156044,0.156044
0.3995,0.15604,0.15604
0.39955,0.156036,0.156036
0.3996,0.156032,0.156032
0.39965,0.156028,0.156028
0.3997,0.156024,0.156024
0.39975,0.15602,0.15602
0.3998,0.156016,0.156016
0.39985,0.156012,0.156012
0.3999,0.156008,0.156008
0.39995,0.156004,0.156004
0.4,0.156,0.156
0.40005,0.155996,0.155996
0.4001,0.155992,0.155992
0.40015,0.155988,0.155988
0.4002,0.155984,0.155984
0.40025,0.15598,0.15598
0.4003,0.155976,0.155976
0.40035,0.155972,0.155972
0.4004,0.155968,0.155968
0.40045,0.155964,0.155964
0.4005,0.15596,0.15596
0.40055,0.155956,0.155956
0.4006,0.155952,0.155952
0.40065,0.155948,0.155948
0.4007,0.155944,0.155944
0.40075,0.15594,0.15594
0.4008,0.155936,0.155936
0.40085,0.155932,0.155932
0.4009,0.155928,0.155928
0.40095,0.155924,0.155924
0.401,0.15592,0.15592
0.40105,0.155916,0.155916
0.4011,0.155912,0.155912
0.40115,0.155908,0.155908
0.4012,0.155904,0.155904
0.40125,0.1559,0.1559
0.4013,0.155896,0.155896
0.40135,0.155892,0.155892
0.4014,0.155888,0.155888
0.40145,0.155884,0.155884
0.4015,0.15588,0.15588
0.40155,0.155876,0.155876
0.4016,0.155871,0.155871
0.40165,0.155867,0.155867
0.4017,0.155863,0.155863
0.40175,0.155859,0.155859
0.4018,0.155855,0.155855
0.40185,0.155851,0.155851
0.4019,0.155847,0.155847
0.40195,0.155843,0.155843
0.402,0.155839,0.155839
0.40205,0.155835,0.155835
0.4021,0.155831,0.155831
0.40215,0.155827,0.155827
0.4022,0.155823,0.155823
0.40225,0.155819,0.155819
0.4023,0.155815,0.155815
0.40235,0.155811,0.155811
0.4024,0.155807,0.155807
0.40245,0.155803,0.155803
0.4025,0.155799,0.155799
0.40255,0.155795,0.155795
0.4026,0.155791,0.155791
0.40265,0.155787,0.155787
0.4027,0.155783,0.155783
0.40275,0.155778,0.155778
0.4028,0.155774,0.155774
0.40285,0.15577,0.15577
0.4029,0.155766,0.155766
0.40295,0.155762,0.155762
0.403,0.155758,0.155758
0.40305,0.155754,0.155754
0.4031,0.15575,0.15575
0.40315,0.155746,0.155746
0.4032,0.155742,0.155742
0.40325,0.155738,0.155738
0.4033,0.155734,0.155734
0.40335,0.15573,0.15573
0.4034,0.155726,0.155726
0.40345,0.155722,0.155722
0.4035,0.155718,0.155718
0.40355,0.155713,0.155713
0.4036,0.155709,0.155709
0.40365,0.155705,0.155705
0.4037,0.155701,0.155701
0.40375,0.155697,0.155697
0.4038,0.155693,0.155693
0.40385,0.155689,0.155689
0.4039,0.155685,0.155685
0.40395,0.155681,0.155681
0.404,0.155677,0.155677
0.40405,0.155673,0.155673
0.4041,0.155669,0.155669
0.40415,0.155665,0.155665
0.4042,0.15566,0.15566
0.40425,0.155656,0.155656
0.4043,0.155652,0.155652
0.40435,0.155648,0.155648
0.4044,0.155644,0.155644
0.40445,0.15564,0.15564
0.4045,0.155636,0.155636
0.40455,0.155632,0.155632
0.4046,0.155628,0.155628
0.40465,0.155624,0.155624
0.4047,0.15562,0.15562
0.40475,0.155615,0.155615
0.4048,0.155611,0.155611
0.40485,0.155607,0.155607
0.4049,0.155603,0.155603
0.40495,0.155599,0.155599
0.405,0.155595,0.155595
0.40505,0.155591,0.155591
0.4051,0.155587,0.155587
0.40515,0.155583,0.155583
0.4052,0.155579,0.155579
0.40525,0.155574,0.155574
0.4053,0.15557,0.15557
0.40535,0.155566,0.155566
0.4054,0.155562,0.155562
0.40545,0.155558,0.155558
0.4055,0.155554,0.155554
0.40555,0.15555,0.15555
0.4056,0.155546,0.155546
0.40565,0.155542,0.155542
0.4057,0.155537,0.155537
0.40575,0.155533,0.155533
0.4058,0.155529,0.155529
0.40585,0.155525,0.155525
0.4059,0.155521,0.155521
0.40595,0.155517,0.155517
0.406,0.155513,0.155513
0.40605,0.155509,0.155509
0.4061,0.155505,0.155505
0.40615,0.1555,0.1555
0.4062,0.155496,0.155496
0.40625,0.155492,0.155492
0.4063,0.155488,0.155488
0.40635,0.155484,0.155484
0.4064,0.15548,0.15548
0.40645,0.155476,0.155476
0.4065,0.155472,0.155472
0.40655,0.155467,0.155467
0.4066,0.155463,0.155463
0.40665,0.155459,0.155459
0.4067,0.155455,0.155455
0.40675,0.155451,0.155451
0.4068,0.155447,0.155447
0.40685,0.155443,0.155443
0.4069,0.155438,0.155438
0.40695,0.155434,0.155434
0.407,0.15543,0.15543
0.40705,0.155426,0.155426
0.4071,0.155422,0.155422
0.40715,0.155418,0.155418
0.4072,0.155414,0.155414
0.40725,0.155409,0.155409
0.4073,0.155405,0.155405
0.40735,0.155401,0.155401
0.4074,0.155397,0.155397
0.40745,0.155393,0.155393
0.4075,0.155389,0.155389
0.40755,0.155385,0.155385
0.4076,0.15538,0.15538
0.40765,0.155376,0.155376
0.4077,0.155372,0.155372
0.40775,0.155368,0.155368
0.4078,0.155364,0.155364
0.40785,0.15536,0.15536
0.4079,0.155355,0.155355
0.40795,0.155351,0.155351
0.408,0.155347,0.155347
0.40805,0.155343,0.155343
0.4081,0.155339,0.155339
0.40815,0.155335,0.155335
0.4082,0.15533,0.15533
0.40825,0.155326,0.155326
0.4083,0.155322,0.155322
0.40835,0.155318,0.155318
0.4084,0.155314,0.155314
0.40845,0.15531,0.15531
0.4085,0.155305,0.155305
0.40855,0.155301,0.155301
0.4086,0.155297,0.155297
0.40865,0.155293,0.155293
0.4087,0.155289,0.155289
0.40875,0.155285,0.155285
0.4088,0.15528,0.15528
0.40885,0.155276,0.155276
0.4089,0.155272,0.155272
0.40895,0.155268,0.155268
0.409,0.155264,0.155264
0.40905,0.155259,0.155259
0.4091,0.155255,0.155255
0.40915,0.155251,0.155251
0.4092,0.155247,0.155247
0.40925,0.155243,0.155243
0.4093,0.155239,0.155239
0.40935,0.155234,0.155234
0.4094,0.15523,0.15523
0.40945,0.155226,0.155226
0.4095,0.155222,0.155222
0.40955,0.155218,0.155218
0.4096,0.155213,0.155213
0.40965,0.155209,0.155209
0.4097,0.155205,0.155205
0.40975,0.155201,0.155201
0.4098,0.155197,0.155197
0.40985,0.155192,0.155192
0.4099,0.155188,0.155188
0.40995,0.155184,0.155184
0.41,0.15518,0.15518
0.41005,0.155176,0.155176
0.4101,0.155171,0.155171
0.41015,0.155167,0.155167
0.4102,0.155163,0.155163
0.41025,0.155159,0.155159
0.4103,0.155155,0.155155
0.41035,0.15515,0.15515
0.4104,0.155146,0.155146
0.41045,0.155142,0.155142
0.4105,0.155138,0.155138
0.41055,0.155134,0.155134
0.4106,0.155129,0.155129
0.41065,0.155125,0.155125
0.4107,0.155121,0.155121
0.41075,0.155117,0.155117
0.4108,0.155112,0.155112
0.41085,0.155108,0.155108
0.4109,0.155104,0.155104
0.41095,0.1551,0.1551
0.411,0.155096,0.155096
0.41105,0.155091,0.155091
0.4111,0.155087,0.155087
0.41115,0.155083,0.155083
0.4112,0.155079,0.155079
0.41125,0.155074,0.155074
0.4113,0.15507,0.15507
0.41135,0.155066,0.155066
0.4114,0.155062,0.155062
0.41145,0.155058,0.155058
0.4115,0.155053,0.155053
0.41155,0.155049,0.155049
0.4116,0.155045,0.155045
0.41165,0.155041,0.155041
0.4117,0.155036,0.155036
0.41175,0.155032,0.155032
0.4118,0.155028,0.155028
0.41185,0.155024,0.155024
0.4119,0.155019,0.155019
0.41195,0.155015,0.155015
0.412,0.155011,0.155011
0.41205,0.155007,0.155007
0.4121,0.155002,0.155002
0.41215,0.154998,0.154998
0.4122,0.154994,0.154994
0.41225,0.15499,0.15499
0.4123,0.154985,0.154985
0.41235,0.154981,0.154981
0.4124,0.154977,0.154977
0.41245,0.154973,0.154973
0.4125,0.154968,0.154968
0.41255,0.154964,0.154964
0.4126,0.15496,0.15496
0.41265,0.154956,0.154956
0.4127,0.154951,0.154951
0.41275,0.154947,0.154947
0.4128,0.154943,0.154943
0.41285,0.154939,0.154939
0.4129,0.154934,0.154934
0.41295,0.15493,0.15493
0.413,0.154926,0.154926
0.41305,0.154922,0.154922
0.4131,0.154917,0.154917
0.41315,0.154913,0.154913
0.4132,0.154909,0.154909
0.41325,0.154904,0.154904
0.4133,0.1549,0.1549
0.41335,0.154896,0.154896
0.4134,0.154892,0.154892
0.41345,0.154887,0.154887
0.4135,0.154883,0.154883
0.41355,0.154879,0.154879
0.4136,0.154875,0.154875
0.41365,0.15487,0.15487
0.4137,0.154866,0.154866
0.41375,0.154862,0.154862
0.4138,0.154857,0.154857
0.41385,0.154853,0.154853
0.4139,0.154849,0.154849
0.41395,0.154845,0.154845
0.414,0.15484,0.15484
0.41405,0.154836,0.154836
0.4141,0.154832,0.154832
0.41415,0.154827,0.154827
0.4142,0.154823,0.154823
0.41425,0.154819,0.154819
0.4143,0.154815,0.154815
0.41435,0.15481,0.15481
0.4144,0.154806,0.154806
0.41445,0.154802,0.154802
0.4145,0.154797,0.154797
0.41455,0.154793,0.154793
0.4146,0.154789,0.154789
0.41465,0.154785,0.154785
0.4147,0.15478,0.15478
0.41475,0.154776,0.154776
0.4148,0.154772,0.154772
0.41485,0.154767,0.154767
0.4149,0.154763,0.154763
0.41495,0.154759,0.154759
0.415,0.154754,0.154754
0.41505,0.15475,0.15475
0.4151,0.154746,0.154746
0.41515,0.154742,0.154742
0.4152,0.154737,0.154737
0.41525,0.154733,0.154733
0.4153,0.154729,0.154729
0.41535,0.154724,0.154724
0.4154,0.15472,0.15472
0.41545,0.154716,0.154716
0.4155,0.154711,0.154711
0.41555,0.154707,0.154707
0.4156,0.154703,0.154703
0.41565,0.154698,0.154698
0.4157,0.154694,0.154694
0.41575,0.15469,0.15469
0.4158,0.154685,0.154685
0.41585,0.154681,0.154681
0.4159,0.154677,0.154677
0.41595,0.154672,0.154672
0.416,0.154668,0.154668
0.41605,0.154664,0.154664
0.4161,0.154659,0.154659
0.41615,0.154655,0.154655
0.4162,0.154651,0.154651
0.41625,0.154646,0.154646
0.4163,0.154642,0.154642
0.41635,0.154638,0.154638
0.4164,0.154633,0.154633
0.41645,0.154629,0.154629
0.4165,0.154625,0.154625
0.41655,0.15462,0.15462
0.4166,0.154616,0.154616
0.41665,0.154612,0.154612
0.4167,0.154607,0.154607
0.41675,0.154603,0.154603
0.4168,0.154599,0.154599
0.41685,0.154594,0.154594
0.4169,0.15459,0.15459
0.41695,0.154586,0.154586
0.417,0.154581,0.154581
0.41705,0.154577,0.154577
0.4171,0.154573,0.154573
0.41715,0.154568,0.154568
0.4172,0.154564,0.154564
0.41725,0.15456,0.15456
0.4173,0.154555,0.154555
0.41735,0.154551,0.154551
0.4174,0.154547,0.154547
0.41745,0.154542,0.154542
0.4175,0.154538,0.154538
0.41755,0.154533,0.154533
0.4176,0.154529,0.154529
0.41765,0.154525,0.154525
0.4177,0.15452,0.15452
0.41775,0.154516,0.154516
0.4178,0.154512,0.154512
0.41785,0.154507,0.154507
0.4179,0.154503,0.154503
0.41795,0.154499,0.154499
0.418,0.154494,0.154494
0.41805,0.15449,0.15449
0.4181,0.154485,0.154485
0.41815,0.154481,0.154481
0.4182,0.154477,0.154477
0.41825,0.154472,0.154472
0.4183,0.154468,0.154468
0.41835,0.154464,0.154464
0.4184,0.154459,0.154459
0.41845,0.154455,0.154455
0.4185,0.15445,0.15445
0.41855,0.154446,0.154446
0.4186,0.154442,0.154442
0.41865,0.154437,0.154437
0.4187,0.154433,0.154433
0.41875,0.154429,0.154429
0.4188,0.154424,0.154424
0.41885,0.15442,0.15442
0.4189,0.154415,0.154415
0.41895,0.154411,0.154411
0.419,0.154407,0.154407
0.41905,0.154402,0.154402
0.4191,0.154398,0.154398
0.41915,0.154393,0.154393
0.4192,0.154389,0.154389
0.41925,0.154385,0.154385
0.4193,0.15438,0.15438
0.41935,0.154376,0.154376
0.4194,0.154372,0.154372
0.41945,0.154367,0.154367
0.4195,0.154363,0.154363
0.41955,0.154358,0.154358
0.4196,0.154354,0.154354
0.41965,0.15435,0.15435
0.4197,0.154345,0.154345
0.41975,0.154341,0.154341
0.4198,0.154336,0.154336
0.41985,0.154332,0.154332
0.4199,0.154327,0.154327
0.41995,0.154323,0.154323
0.42,0.154319,0.154319
0.42005,0.154314,0.154314
0.4201,0.15431,0.15431
0.42015,0.154305,0.154305
0.4202,0.154301,0.154301
0.42025,0.154297,0.154297
0.4203,0.154292,0.154292
0.42035,0.154288,0.154288
0.4204,0.154283,0.154283
0.42045,0.154279,0.154279
0.4205,0.154275,0.154275
0.42055,0.15427,0.15427
0.4206,0.154266,0.154266
0.42065,0.154261,0.154261
0.4207,0.154257,0.154257
0.42075,0.154252,0.154252
0.4208,0.154248,0.154248
0.42085,0.154244,0.154244
0.4209,0.154239,0.154239
0.42095,0.154235,0.154235
0.421,0.15423,0.15423
0.42105,0.154226,0.154226
0.4211,0.154221,0.154221
0.42115,0.154217,0.154217
0.4212,0.154213,0.154213
0.42125,0.154208,0.154208
0.4213,0.154204,0.154204
0.42135,0.154199,0.154199
0.4214,0.154195,0.154195
0.42145,0.15419,0.15419
0.4215,0.154186,0.154186
0.42155,0.154181,0.154181
0.4216,0.154177,0.154177
0.42165,0.154173,0.154173
0.4217,0.154168,0.154168
0.42175,0.154164,0.154164
0.4218,0.154159,0.154159
0.42185,0.154155,0.154155
0.4219,0.15415,0.15415
0.42195,0.154146,0.154146
0.422,0.154141,0.154141
0.42205,0.154137,0.154137
0.4221,0.154133,0.154133
0.42215,0.154128,0.154128
0.4222,0.154124,0.154124
0.42225,0.154119,0.154119
0.4223,0.154115,0.154115
0.42235,0.15411,0.15411
0.4224,0.154106,0.154106
0.42245,0.154101,0.154101
0.4225,0.154097,0.154097
0.42255,0.154092,0.154092
0.4226,0.154088,0.154088
0.42265,0.154083,0.154083
0.4227,0.154079,0.154079
0.42275,0.154075,0.154075
0.4228,0.15407,0.15407
0.42285,0.154066,0.154066
0.4229,0.154061,0.154061
0.42295,0.154057,0.154057
0.423,0.154052,0.154052
0.42305,0.154048,0.154048
0.4231,0.154043,0.154043
0.42315,0.154039,0.154039
0.4232,0.154034,0.154034
0.42325,0.15403,0.15403
0.4233,0.154025,0.154025
0.42335,0.154021,0.154021
0.4234,0.154016,0.154016
0.42345,0.154012,0.154012
0.4235,0.154007,0.154007
0.42355,0.154003,0.154003
0.4236,0.153998,0.153998
0.42365,0.153994,0.153994
0.4237,0.153989,0.153989
0.42375,0.153985,0.153985
0.4238,0.15398,0.15398
0.42385,0.153976,0.153976
0.4239,0.153971,0.153971
0.42395,0.153967,0.153967
0.424,0.153962,0.153962
0.42405,0.153958,0.153958
0.4241,0.153954,0.153954
0.42415,0.153949,0.153949
0.4242,0.153945,0.153945
0.42425,0.15394,0.15394
0.4243,0.153936,0.153936
0.42435,0.153931,0.153931
0.4244,0.153927,0.153927
0.42445,0.153922,0.153922
0.4245,0.153917,0.153917
0.42455,0.153913,0.153913
0.4246,0.153908,0.153908
0.42465,0.153904,0.153904
0.4247,0.153899,0.153899
0.42475,0.153895,0.153895
0.4248,0.15389,0.15389
0.42485,0.153886,0.153886
0.4249,0.153881,0.153881
0.42495,0.153877,0.153877
0.425,0.153872,0.153872
0.42505,0.153868,0.153868
0.4251,0.153863,0.153863
0.42515,0.153859,0.153859
0.4252,0.153854,0.153854
0.42525,0.15385,0.15385
0.4253,0.153845,0.153845
0.42535,0.153841,0.153841
0.4254,0.153836,0.153836
0.42545,0.153832,0.153832
0.4255,0.153827,0.153827
0.42555,0.153823,0.153823
0.4256,0.153818,0.153818
0.42565,0.153814,0.153814
0.4257,0.153809,0.153809
0.42575,0.153805,0.153805
0.4258,0.1538,0.1538
0.42585,0.153795,0.153795
0.4259,0.153791,0.153791
0.42595,0.153786,0.153786
0.426,0.153782,0.153782
0.42605,0.153777,0.153777
0.4261,0.153773,0.153773
0.42615,0.153768,0.153768
0.4262,0.153764,0.153764
0.42625,0.153759,0.153759
0.4263,0.153755,0.153755
0.42635,0.15375,0.15375
0.4264,0.153746,0.153746
0.42645,0.153741,0.153741
0.4265,0.153736,0.153736
0.42655,0.153732,0.153732
0.4266,0.153727,0.153727
0.42665,0.153723,0.153723
0.4267,0.153718,0.153718
0.42675,0.153714,0.153714
0.4268,0.153709,0.153709
0.42685,0.153705,0.153705
0.4269,0.1537,0.1537
0.42695,0.153695,0.153695
0.427,0.153691,0.153691
0.42705,0.153686,0.153686
0.4271,0.153682,0.153682
0.42715,0.153677,0.153677
0.4272,0.153673,0.153673
0.42725,0.153668,0.153668
0.4273,0.153664,0.153664
0.42735,0.153659,0.153659
0.4274,0.153654,0.153654
0.42745,0.15365,0.15365
0.4275,0.153645,0.153645
0.42755,0.153641,0.153641
0.4276,0.153636,0.153636
0.42765,0.153632,0.153632
0.4277,0.153627,0.153627
0.42775,0.153622,0.153622
0.4278,0.153618,0.153618
0.42785,0.153613,0.153613
0.4279,0.153609,0.153609
0.42795,0.153604,0.153604
0.428,0.1536,0.1536
0.42805,0.153595,0.153595
0.4281,0.15359,0.15359
0.42815,0.153586,0.153586
0.4282,0.153581,0.153581
0.42825,0.153577,0.153577
0.4283,0.153572,0.153572
0.42835,0.153567,0.153567
0.4284,0.153563,0.153563
0.42845,0.153558,0.153558
0.4285,0.153554,0.153554
0.42855,0.153549,0.153549
0.4286,0.153545,0.153545
0.42865,0.15354,0.15354
0.4287,0.153535,0.153535
0.42875,0.153531,0.153531
0.4288,0.153526,0.153526
0.42885,0.153522,0.153522
0.4289,0.153517,0.153517
0.42895,0.153512,0.153512
0.429,0.153508,0.153508
0.42905,0.153503,0.153503
0.4291,0.153499,0.153499
0.42915,0.153494,0.153494
0.4292,0.153489,0.153489
0.42925,0.153485,0.153485
0.4293,0.15348,0.15348
0.42935,0.153476,0.153476
0.4294,0.153471,0.153471
0.42945,0.153466,0.153466
0.4295,0.153462,0.153462
0.42955,0.153457,0.153457
0.4296,0.153452,0.153452
0.42965,0.153448,0.153448
0.4297,0.153443,0.153443
0.42975,0.153439,0.153439
0.4298,0.153434,0.153434
0.42985,0.153429,0.153429
0.4299,0.153425,0.153425
0.42995,0.15342,0.15342
0.43,0.153415,0.153416
0.43005,0.153411,0.153411
0.4301,0.153406,0.153406
0.43015,0.153402,0.153402
0.4302,0.153397,0.153397
0.43025,0.153392,0.153392
0.4303,0.153388,0.153388
0.43035,0.153383,0.153383
0.4304,0.153378,0.153378
0.43045,0.153374,0.153374
0.4305,0.153369,0.153369
0.43055,0.153365,0.153365
0.4306,0.15336,0.15336
0.43065,0.153355,0.153355
0.4307,0.153351,0.153351
0.43075,0.153346,0.153346
0.4308,0.153341,0.153341
0.43085,0.153337,0.153337
0.4309,0.153332,0.153332
0.43095,0.153327,0.153327
0.431,0.153323,0.153323
0.43105,0.153318,0.153318
0.4311,0.153314,0.153314
0.43115,0.153309,0.153309
0.4312,0.153304,0.153304
0.43125,0.1533,0.1533
0.4313,0.153295,0.153295
0.43135,0.15329,0.15329
0.4314,0.153286,0.153286
0.43145,0.153281,0.153281
0.4315,0.153276,0.153276
0.43155,0.153272,0.153272
0.4316,0.153267,0.153267
0.43165,0.153262,0.153262
0.4317,0.153258,0.153258
0.43175,0.153253,0.153253
0.4318,0.153248,0.153248
0.43185,0.153244,0.153244
0.4319,0.153239,0.153239
0.43195,0.153234,0.153234
0.432,0.15323,0.15323
0.43205,0.153225,0.153225
0.4321,0.15322,0.15322
0.43215,0.153216,0.153216
0.4322,0.153211,0.153211
0.43225,0.153206,0.153206
0.4323,0.153202,0.153202
0.43235,0.153197,0.153197
0.4324,0.153192,0.153192
0.43245,0.153188,0.153188
0.4325,0.153183,0.153183
0.43255,0.153178,0.153178
0.4326,0.153174,0.153174
0.43265,0.153169,0.153169
0.4327,0.153164,0.153164
0.43275,0.15316,0.15316
0.4328,0.153155,0.153155
0.43285,0.15315,0.15315
0.4329,0.153146,0.153146
0.43295,0.153141,0.153141
0.433,0.153136,0.153136
0.43305,0.153132,0.153132
0.4331,0.153127,0.153127
0.43315,0.153122,0.153122
0.4332,0.153117,0.153117
0.43325,0.153113,0.153113
0.4333,0.153108,0.153108
0.43335,0.153103,0.153103
0.4334,0.153099,0.153099
0.43345,0.153094,0.153094
0.4335,0.153089,0.153089
0.43355,0.153085,0.153085
0.4336,0.15308,0.15308
0.43365,0.153075,0.153075
0.4337,0.15307,0.15307
0.43375,0.153066,0.153066
0.4338,0.153061,0.153061
0.43385,0.153056,0.153056
0.4339,0.153052,0.153052
0.43395,0.153047,0.153047
0.434,0.153042,0.153042
0.43405,0.153038,0.153038
0.4341,0.153033,0.153033
0.43415,0.153028,0.153028
0.4342,0.153023,0.153023
0.43425,0.153019,0.153019
0.4343,0.153014,0.153014
0.43435,0.153009,0.153009
0.4344,0.153005,0.153005
0.43445,0.153,0.153
0.4345,0.152995,0.152995
0.43455,0.15299,0.15299
0.4346,0.152986,0.152986
0.43465,0.152981,0.152981
0.4347,0.152976,0.152976
0.43475,0.152971,0.152971
0.4348,0.152967,0.152967
0.43485,0.152962,0.152962
0.4349,0.152957,0.152957
0.43495,0.152953,0.152953
0.435,0.152948,0.152948
0.43505,0.152943,0.152943
0.4351,0.152938,0.152938
0.43515,0.152934,0.152934
0.4352,0.152929,0.152929
0.43525,0.152924,0.152924
0.4353,0.152919,0.152919
0.43535,0.152915,0.152915
0.4354,0.15291,0.15291
0.43545,0.152905,0.152905
0.4355,0.1529,0.1529
0.43555,0.152896,0.152896
0.4356,0.152891,0.152891
0.43565,0.152886,0.152886
0.4357,0.152882,0.152882
0.43575,0.152877,0.152877
0.4358,0.152872,0.152872
0.43585,0.152867,0.152867
0.4359,0.152863,0.152863
0.43595,0.152858,0.152858
0.436,0.152853,0.152853
0.43605,0.152848,0.152848
0.4361,0.152844,0.152844
0.43615,0.152839,0.152839
0.4362,0.152834,0.152834
0.43625,0.152829,0.152829
0.4363,0.152824,0.152824
0.43635,0.15282,0.15282
0.4364,0.152815,0.152815
0.43645,0.15281,0.15281
0.4365,0.152805,0.152805
0.43655,0.152801,0.152801
0.4366,0.152796,0.152796
0.43665,0.152791,0.152791
0.4367,0.152786,0.152786
0.43675,0.152782,0.152782
0.4368,0.152777,0.152777
0.43685,0.152772,0.152772
0.4369,0.152767,0.152767
0.43695,0.152763,0.152763
0.437,0.152758,0.152758
0.43705,0.152753,0.152753
0.4371,0.152748,0.152748
0.43715,0.152743,0.152743
0.4372,0.152739,0.152739
0.43725,0.152734,0.152734
0.4373,0.152729,0.152729
0.43735,0.152724,0.152724
0.4374,0.15272,0.15272
0.43745,0.152715,0.152715
0.4375,0.15271,0.15271
0.43755,0.152705,0.152705
0.4376,0.1527,0.1527
0.43765,0.152696,0.152696
0.4377,0.152691,0.152691
0.43775,0.152686,0.152686
0.4378,0.152681,0.152681
0.43785,0.152676,0.152676
0.4379,0.152672,0.152672
0.43795,0.152667,0.152667
0.438,0.152662,0.152662
0.43805,0.152657,0.152657
0.4381,0.152652,0.152652
0.43815,0.152648,0.152648
0.4382,0.152643,0.152643
0.43825,0.152638,0.152638
0.4383,0.152633,0.152633
0.43835,0.152628,0.152628
0.4384,0.152624,0.152624
0.43845,0.152619,0.152619
0.4385,0.152614,0.152614
0.43855,0.152609,0.152609
0.4386,0.152604,0.152604
0.43865,0.1526,0.1526
0.4387,0.152595,0.152595
0.43875,0.15259,0.15259
0.4388,0.152585,0.152585
0.43885,0.15258,0.15258
0.4389,0.152576,0.152576
0.43895,0.152571,0.152571
0.439,0.152566,0.152566
0.43905,0.152561,0.152561
0.4391,0.152556,0.152556
0.43915,0.152551,0.152551
0.4392,0.152547,0.152547
0.43925,0.152542,0.152542
0.4393,0.152537,0.152537
0.43935,0.152532,0.152532
0.4394,0.152527,0.152527
0.43945,0.152523,0.152523
0.4395,0.152518,0.152518
0.43955,0.152513,0.152513
0.4396,0.152508,0.152508
0.43965,0.152503,0.152503
0.4397,0.152498,0.152498
0.43975,0.152494,0.152494
0.4398,0.152489,0.152489
0.43985,0.152484,0.152484
0.4399,0.152479,0.152479
0.43995,0.152474,0.152474
0.44,0.152469,0.152469
0.44005,0.152464,0.152464
0.4401,0.15246,0.15246
0.44015,0.152455,0.152455
0.4402,0.15245,0.15245
0.44025,0.152445,0.152445
0.4403,0.15244,0.15244
0.44035,0.152435,0.152435
0.4404,0.152431,0.152431
0.44045,0.152426,0.152426
0.4405,0.152421,0.152421
0.44055,0.152416,0.152416
0.4406,0.152411,0.152411
0.44065,0.152406,0.152406
0.4407,0.152401,0.152401
0.44075,0.152397,0.152397
0.4408,0.152392,0.152392
0.44085,0.152387,0.152387
0.4409,0.152382,0.152382
0.44095,0.152377,0.152377
0.441,0.152372,0.152372
0.44105,0.152367,0.152367
0.4411,0.152363,0.152363
0.44115,0.152358,0.152358
0.4412,0.152353,0.152353
0.44125,0.152348,0.152348
0.4413,0.152343,0.152343
0.44135,0.152338,0.152338
0.4414,0.152333,0.152333
0.44145,0.152329,0.152329
0.4415,0.152324,0.152324
0.44155,0.152319,0.152319
0.4416,0.152314,0.152314
0.44165,0.152309,0.152309
0.4417,0.152304,0.152304
0.44175,0.152299,0.152299
0.4418,0.152294,0.152294
0.44185,0.152289,0.152289
0.4419,0.152285,0.152285
0.44195,0.15228,0.15228
0.442,0.152275,0.152275
0.44205,0.15227,0.15227
0.4421,0.152265,0.152265
0.44215,0.15226,0.15226
0.4422,0.152255,0.152255
0.44225,0.15225,0.15225
0.4423,0.152246,0.152246
0.44235,0.152241,0.152241
0.4424,0.152236,0.152236
0.44245,0.152231,0.152231
0.4425,0.152226,0.152226
0.44255,0.152221,0.152221
0.4426,0.152216,0.152216
0.44265,0.152211,0.152211
0.4427,0.152206,0.152206
0.44275,0.152201,0.152201
0.4428,0.152197,0.152197
0.44285,0.152192,0.152192
0.4429,0.152187,0.152187
0.44295,0.152182,0.152182
0.443,0.152177,0.152177
0.44305,0.152172,0.152172
0.4431,0.152167,0.152167
0.44315,0.152162,0.152162
0.4432,0.152157,0.152157
0.44325,0.152152,0.152152
0.4433,0.152147,0.152147
0.44335,0.152143,0.152143
0.4434,0.152138,0.152138
0.44345,0.152133,0.152133
0.4435,0.152128,0.152128
0.44355,0.152123,0.152123
0.4436,0.152118,0.152118
0.44365,0.152113,0.152113
0.4437,0.152108,0.152108
0.44375,0.152103,0.152103
0.4438,0.152098,0.152098
0.44385,0.152093,0.152093
0.4439,0.152088,0.152088
0.44395,0.152084,0.152084
0.444,0.152079,0.152079
0.44405,0.152074,0.152074
0.4441,0.152069,0.152069
0.44415,0.152064,0.152064
0.4442,0.152059,0.152059
0.44425,0.152054,0.152054
0.4443,0.152049,0.152049
0.44435,0.152044,0.152044
0.4444,0.152039,0.152039
0.44445,0.152034,0.152034
0.4445,0.152029,0.152029
0.44455,0.152024,0.152024
0.4446,0.152019,0.152019
0.44465,0.152014,0.152014
0.4447,0.152009,0.152009
0.44475,0.152005,0.152005
0.4448,0.152,0.152
0.44485,0.151995,0.151995
0.4449,0.15199,0.15199
0.44495,0.151985,0.151985
0.445,0.15198,0.15198
0.44505,0.151975,0.151975
0.4451,0.15197,0.15197
0.44515,0.151965,0.151965
0.4452,0.15196,0.15196
0.44525,0.151955,0.151955
0.4453,0.15195,0.15195
0.44535,0.151945,0.151945
0.4454,0.15194,0.15194
0.44545,0.151935,0.151935
0.4455,0.15193,0.15193
0.44555,0.151925,0.151925
0.4456,0.15192,0.15192
0.44565,0.151915,0.151915
0.4457,0.15191,0.15191
0.44575,0.151905,0.151905
0.4458,0.1519,0.1519
0.44585,0.151895,0.151895
0.4459,0.151891,0.151891
0.44595,0.151886,0.151886
0.446,0.151881,0.151881
0.44605,0.151876,0.151876
0.4461,0.151871,0.151871
0.44615,0.151866,0.151866
0.4462,0.151861,0.151861
0.44625,0.151856,0.151856
0.4463,0.151851,0.151851
0.44635,0.151846,0.151846
0.4464,0.151841,0.151841
0.44645,0.151836,0.151836
0.4465,0.151831,0.151831
0.44655,0.151826,0.151826
0.4466,0.151821,0.151821
0.44665,0.151816,0.151816
0.4467,0.151811,0.151811
0.44675,0.151806,0.151806
0.4468,0.151801,0.151801
0.44685,0.151796,0.151796
0.4469,0.151791,0.151791
0.44695,0.151786,0.151786
0.447,0.151781,0.151781
0.44705,0.151776,0.151776
0.4471,0.151771,0.151771
0.44715,0.151766,0.151766
0.4472,0.151761,0.151761
0.44725,0.151756,0.151756
0.4473,0.151751,0.151751
0.44735,0.151746,0.151746
0.4474,0.151741,0.151741
0.44745,0.151736,0.151736
0.4475,0.151731,0.151731
0.44755,0.151726,0.151726
0.4476,0.151721,0.151721
0.44765,0.151716,0.151716
0.4477,0.151711,0.151711
0.44775,0.151706,0.151706
0.4478,0.151701,0.151701
0.44785,0.151696,0.151696
0.4479,0.151691,0.151691
0.44795,0.151686,0.151686
0.448,0.151681,0.151681
0.44805,0.151676,0.151676
0.4481,0.151671,0.151671
0.44815,0.151666,0.151666
0.4482,0.151661,0.151661
0.44825,0.151656,0.151656
0.4483,0.151651,0.151651
0.44835,0.151646,0.151646
0.4484,0.151641,0.151641
0.44845,0.151636,0.151636
0.4485,0.151631,0.151631
0.44855,0.151626,0.151626
0.4486,0.15162,0.15162
0.44865,0.151615,0.151615
0.4487,0.15161,0.15161
0.44875,0.151605,0.151605
0.4488,0.1516,0.1516
0.44885,0.151595,0.151595
0.4489,0.15159,0.15159
0.44895,0.151585,0.151585
0.449,0.15158,0.15158
0.44905,0.151575,0.151575
0.4491,0.15157,0.15157
0.44915,0.151565,0.151565
0.4492,0.15156,0.15156
0.44925,0.151555,0.151555
0.4493,0.15155,0.15155
0.44935,0.151545,0.151545
0.4494,0.15154,0.15154
0.44945,0.151535,0.151535
0.4495,0.15153,0.15153
0.44955,0.151525,0.151525
0.4496,0.15152,0.15152
0.44965,0.151515,0.151515
0.4497,0.15151,0.15151
0.44975,0.151504,0.151504
0.4498,0.151499,0.151499
0.44985,0.151494,0.151494
0.4499,0.151489,0.151489
0.44995,0.151484,0.151484
0.45,0.151479,0.151479
0.45005,0.151474,0.151474
0.4501,0.151469,0.151469
0.45015,0.151464,0.151464
0.4502,0.151459,0.151459
0.45025,0.151454,0.151454
0.4503,0.151449,0.151449
0.45035,0.151444,0.151444
0.4504,0.151439,0.151439
0.45045,0.151434,0.151434
0.4505,0.151428,0.151428
0.45055,0.151423,0.151423
0.4506,0.151418,0.151418
0.45065,0.151413,0.151413
0.4507,0.151408,0.151408
0.45075,0.151403,0.151403
0.4508,0.151398,0.151398
0.45085,0.151393,0.151393
0.4509,0.151388,0.151388
0.45095,0.151383,0.151383
0.451,0.151378,0.151378
0.45105,0.151373,0.151373
0.4511,0.151368,0.151368
0.45115,0.151362,0.151362
0.4512,0.151357,0.151357
0.45125,0.151352,0.151352
0.4513,0.151347,0.151347
0.45135,0.151342,0.151342
0.4514,0.151337,0.151337
0.45145,0.151332,0.151332
0.4515,0.151327,0.151327
0.45155,0.151322,0.151322
0.4516,0.151317,0.151317
0.45165,0.151311,0.151311
0.4517,0.151306,0.151306
0.45175,0.151301,0.151301
0.4518,0.151296,0.151296
0.45185,0.151291,0.151291
0.4519,0.151286,0.151286
0.45195,0.151281,0.151281
0.452,0.151276,0.151276
0.45205,0.151271,0.151271
0.4521,0.151266,0.151266
0.45215,0.15126,0.15126
0.4522,0.151255,0.151255
0.45225,0.15125,0.15125
0.4523,0.151245,0.151245
0.45235,0.15124,0.15124
0.4524,0.151235,0.151235
0.45245,0.15123,0.15123
0.4525,0.151225,0.151225
0.45255,0.15122,0.15122
0.4526,0.151214,0.151214
0.45265,0.151209,0.151209
0.4527,0.151204,0.151204
0.45275,0.151199,0.151199
0.4528,0.151194,0.151194
0.45285,0.151189,0.151189
0.4529,0.151184,0.151184
0.45295,0.151179,0.151179
0.453,0.151173,0.151173
0.45305,0.151168,0.151168
0.4531,0.151163,0.151163
0.45315,0.151158,0.151158
0.4532,0.151153,0.151153
0.45325,0.151148,0.151148
0.4533,0.151143,0.151143
0.45335,0.151137,0.151137
0.4534,0.151132,0.151132
0.45345,0.151127,0.151127
0.4535,0.151122,0.151122
0.45355,0.151117,0.151117
0.4536,0.151112,0.151112
0.45365,0.151107,0.151107
0.4537,0.151101,0.151101
0.45375,0.151096,0.151096
0.4538,0.151091,0.151091
0.45385,0.151086,0.151086
0.4539,0.151081,0.151081
0.45395,0.151076,0.151076
0.454,0.151071,0.151071
0.45405,0.151065,0.151065
0.4541,0.15106,0.15106
0.45415,0.151055,0.151055
0.4542,0.15105,0.15105
0.45425,0.151045,0.151045
0.4543,0.15104,0.15104
0.45435,0.151034,0.151034
0.4544,0.151029,0.151029
0.45445,0.151024,0.151024
0.4545,0.151019,0.151019
0.45455,0.151014,0.151014
0.4546,0.151009,0.151009
0.45465,0.151003,0.151003
0.4547,0.150998,0.150998
0.45475,0.150993,0.150993
0.4548,0.150988,0.150988
0.45485,0.150983,0.150983
0.4549,0.150978,0.150978
0.45495,0.150972,0.150972
0.455,0.150967,0.150967
0.45505,0.150962,0.150962
0.4551,0.150957,0.150957
0.45515,0.150952,0.150952
0.4552,0.150947,0.150947
0.45525,0.150941,0.150941
0.4553,0.150936,0.150936
0.45535,0.150931,0.150931
0.4554,0.150926,0.150926
0.45545,0.150921,0.150921
0.4555,0.150915,0.150915
0.45555,0.15091,0.15091
0.4556,0.150905,0.150905
0.45565,0.1509,0.1509
0.4557,0.150895,0.150895
0.45575,0.15089,0.15089
0.4558,0.150884,0.150884
0.45585,0.150879,0.150879
0.4559,0.150874,0.150874
0.45595,0.150869,0.150869
0.456,0.150864,0.150864
0.45605,0.150858,0.150858
0.4561,0.150853,0.150853
0.45615,0.150848,0.150848
0.4562,0.150843,0.150843
0.45625,0.150838,0.150838
0.4563,0.150832,0.150832
0.45635,0.150827,0.150827
0.4564,0.150822,0.150822
0.45645,0.150817,0.150817
0.4565,0.150811,0.150811
0.45655,0.150806,0.150806
0.4566,0.150801,0.150801
0.45665,0.150796,0.150796
0.4567,0.150791,0.150791
0.45675,0.150785,0.150785
0.4568,0.15078,0.15078
0.45685,0.150775,0.150775
0.4569,0.15077,0.15077
0.45695,0.150765,0.150765
0.457,0.150759,0.150759
0.45705,0.150754,0.150754
0.4571,0.150749,0.150749
0.45715,0.150744,0.150744
0.4572,0.150738,0.150738
0.45725,0.150733,0.150733
0.4573,0.150728,0.150728
0.45735,0.150723,0.150723
0.4574,0.150718,0.150718
0.45745,0.150712,0.150712
0.4575,0.150707,0.150707
0.45755,0.150702,0.150702
0.4576,0.150697,0.150697
0.45765,0.150691,0.150691
0.4577,0.150686,0.150686
0.45775,0.150681,0.150681
0.4578,0.150676,0.150676
0.45785,0.15067,0.15067
0.4579,0.150665,0.150665
0.45795,0.15066,0.15066
0.458,0.150655,0.150655
0.45805,0.150649,0.150649
0.4581,0.150644,0.150644
0.45815,0.150639,0.150639
0.4582,0.150634,0.150634
0.45825,0.150628,0.150628
0.4583,0.150623,0.150623
0.45835,0.150618,0.150618
0.4584,0.150613,0.150613
0.45845,0.150607,0.150607
0.4585,0.150602,0.150602
0.45855,0.150597,0.150597
0.4586,0.150592,0.150592
0.45865,0.150586,0.150586
0.4587,0.150581,0.150581
0.45875,0.150576,0.150576
0.4588,0.150571,0.150571
0.45885,0.150565,0.150565
0.4589,0.15056,0.15056
0.45895,0.150555,0.150555
0.459,0.15055,0.15055
0.45905,0.150544,0.150544
0.4591,0.150539,0.150539
0.45915,0.150534,0.150534
0.4592,0.150528,0.150528
0.45925,0.150523,0.150523
0.4593,0.150518,0.150518
0.45935,0.150513,0.150513
0.4594,0.150507,0.150507
0.45945,0.150502,0.150502
0.4595,0.150497,0.150497
0.45955,0.150492,0.150492
0.4596,0.150486,0.150486
0.45965,0.150481,0.150481
0.4597,0.150476,0.150476
0.45975,0.15047,0.15047
0.4598,0.150465,0.150465
0.45985,0.15046,0.15046
0.4599,0.150455,0.150455
0.45995,0.150449,0.150449
0.46,0.150444,0.150444
0.46005,0.150439,0.150439
0.4601,0.150433,0.150433
0.46015,0.150428,0.150428
0.4602,0.150423,0.150423
0.46025,0.150418,0.150418
0.4603,0.150412,0.150412
0.46035,0.150407,0.150407
0.4604,0.150402,0.150402
0.46045,0.150396,0.150396
0.4605,0.150391,0.150391
0.46055,0.150386,0.150386
0.4606,0.15038,0.15038
0.46065,0.150375,0.150375
0.4607,0.15037,0.15037
0.46075,0.150365,0.150365
0.4608,0.150359,0.150359
0.46085,0.150354,0.150354
0.4609,0.150349,0.150349
0.46095,0.150343,0.150343
0.461,0.150338,0.150338
0.46105,0.150333,0.150333
0.4611,0.150327,0.150327
0.46115,0.150322,0.150322
0.4612,0.150317,0.150317
0.46125,0.150311,0.150311
0.4613,0.150306,0.150306
0.46135,0.150301,0.150301
0.4614,0.150295,0.150295
0.46145,0.15029,0.15029
0.4615,0.150285,0.150285
0.46155,0.150279,0.150279
0.4616,0.150274,0.150274
0.46165,0.150269,0.150269
0.4617,0.150263,0.150263
0.46175,0.150258,0.150258
0.4618,0.150253,0.150253
0.46185,0.150247,0.150247
0.4619,0.150242,0.150242
0.46195,0.150237,0.150237
0.462,0.150231,0.150231
0.46205,0.150226,0.150226
0.4621,0.150221,0.150221
0.46215,0.150215,0.150215
0.4622,0.15021,0.15021
0.46225,0.150205,0.150205
0.4623,0.150199,0.150199
0.46235,0.150194,0.150194
0.4624,0.150189,0.150189
0.46245,0.150183,0.150183
0.4625,0.150178,0.150178
0.46255,0.150173,0.150173
0.4626,0.150167,0.150167
0.46265,0.150162,0.150162
0.4627,0.150157,0.150157
0.46275,0.150151,0.150151
0.4628,0.150146,0.150146
0.46285,0.150141,0.150141
0.4629,0.150135,0.150135
0.46295,0.15013,0.15013
0.463,0.150125,0.150125
0.46305,0.150119,0.150119
0.4631,0.150114,0.150114
0.46315,0.150108,0.150108
0.4632,0.150103,0.150103
0.46325,0.150098,0.150098
0.4633,0.150092,0.150092
0.46335,0.150087,0.150087
0.4634,0.150082,0.150082
0.46345,0.150076,0.150076
0.4635,0.150071,0.150071
0.46355,0.150066,0.150066
0.4636,0.15006,0.15006
0.46365,0.150055,0.150055
0.4637,0.150049,0.150049
0.46375,0.150044,0.150044
0.4638,0.150039,0.150039
0.46385,0.150033,0.150033
0.4639,0.150028,0.150028
0.46395,0.150022,0.150022
0.464,0.150017,0.150017
0.46405,0.150012,0.150012
0.4641,0.150006,0.150006
0.46415,0.150001,0.150001
0.4642,0.149996,0.149996
0.46425,0.14999,0.14999
0.4643,0.149985,0.149985
0.46435,0.149979,0.149979
0.4644,0.149974,0.149974
0.46445,0.149969,0.149969
0.4645,0.149963,0.149963
0.46455,0.149958,0.149958
0.4646,0.149952,0.149952
0.46465,0.149947,0.149947
0.4647,0.149942,0.149942
0.46475,0.149936,0.149936
0.4648,0.149931,0.149931
0.46485,0.149925,0.149925
0.4649,0.14992,0.14992
0.46495,0.149915,0.149915
0.465,0.149909,0.149909
0.46505,0.149904,0.149904
0.4651,0.149898,0.149898
0.46515,0.149893,0.149893
0.4652,0.149888,0.149888
0.46525,0.149882,0.149882
0.4653,0.149877,0.149877
0.46535,0.149871,0.149871
0.4654,0.149866,0.149866
0.46545,0.149861,0.149861
0.4655,0.149855,0.149855
0.46555,0.14985,0.14985
0.4656,0.149844,0.149844
0.46565,0.149839,0.149839
0.4657,0.149833,0.149833
0.46575,0.149828,0.149828
0.4658,0.149823,0.149823
0.46585,0.149817,0.149817
0.4659,0.149812,0.149812
0.46595,0.149806,0.149806
0.466,0.149801,0.149801
0.46605,0.149795,0.149795
0.4661,0.14979,0.14979
0.46615,0.149785,0.149785
0.4662,0.149779,0.149779
0.46625,0.149774,0.149774
0.4663,0.149768,0.149768
0.46635,0.149763,0.149763
0.4664,0.149757,0.149757
0.46645,0.149752,0.149752
0.4665,0.149747,0.149747
0.46655,0.149741,0.149741
0.4666,0.149736,0.149736
0.46665,0.14973,0.14973
0.4667,0.149725,0.149725
0.46675,0.149719,0.149719
0.4668,0.149714,0.149714
0.46685,0.149708,0.149708
0.4669,0.149703,0.149703
0.46695,0.149698,0.149698
0.467,0.149692,0.149692
0.46705,0.149687,0.149687
0.4671,0.149681,0.149681
0.46715,0.149676,0.149676
0.4672,0.14967,0.14967
0.46725,0.149665,0.149665
0.4673,0.149659,0.149659
0.46735,0.149654,0.149654
0.4674,0.149648,0.149648
0.46745,0.149643,0.149643
0.4675,0.149637,0.149637
0.46755,0.149632,0.149632
0.4676,0.149627,0.149627
0.46765,0.149621,0.149621
0.4677,0.149616,0.149616
0.46775,0.14961,0.14961
0.4678,0.149605,0.149605
0.46785,0.149599,0.149599
0.4679,0.149594,0.149594
0.46795,0.149588,0.149588
0.468,0.149583,0.149583
0.46805,0.149577,0.149577
0.4681,0.149572,0.149572
0.46815,0.149566,0.149566
0.4682,0.149561,0.149561
0.46825,0.149555,0.149555
0.4683,0.14955,0.14955
0.46835,0.149544,0.149544
0.4684,0.149539,0.149539
0.46845,0.149533,0.149533
0.4685,0.149528,0.149528
0.46855,0.149522,0.149522
0.4686,0.149517,0.149517
0.46865,0.149512,0.149512
0.4687,0.149506,0.149506
0.46875,0.149501,0.149501
0.4688,0.149495,0.149495
0.46885,0.14949,0.14949
0.4689,0.149484,0.149484
0.46895,0.149479,0.149479
0.469,0.149473,0.149473
0.46905,0.149468,0.149468
0.4691,0.149462,0.149462
0.46915,0.149457,0.149457
0.4692,0.149451,0.149451
0.46925,0.149446,0.149446
0.4693,0.14944,0.14944
0.46935,0.149435,0.149435
0.4694,0.149429,0.149429
0.46945,0.149424,0.149424
0.4695,0.149418,0.149418
0.46955,0.149412,0.149412
0.4696,0.149407,0.149407
0.46965,0.149401,0.149401
0.4697,0.149396,0.149396
0.46975,0.14939,0.14939
0.4698,0.149385,0.149385
0.46985,0.149379,0.149379
0.4699,0.149374,0.149374
0.46995,0.149368,0.149368
0.47,0.149363,0.149363
0.47005,0.149357,0.149357
0.4701,0.149352,0.149352
0.47015,0.149346,0.149346
0.4702,0.149341,0.149341
0.47025,0.149335,0.149335
0.4703,0.14933,0.14933
0.47035,0.149324,0.149324
0.4704,0.149319,0.149319
0.47045,0.149313,0.149313
0.4705,0.149308,0.149308
0.47055,0.149302,0.149302
0.4706,0.149296,0.149296
0.47065,0.149291,0.149291
0.4707,0.149285,0.149285
0.47075,0.14928,0.14928
0.4708,0.149274,0.149274
0.47085,0.149269,0.149269
0.4709,0.149263,0.149263
0.47095,0.149258,0.149258
0.471,0.149252,0.149252
0.47105,0.149247,0.149247
0.4711,0.149241,0.149241
0.47115,0.149236,0.149236
0.4712,0.14923,0.14923
0.47125,0.149224,0.149224
0.4713,0.149219,0.149219
0.47135,0.149213,0.149213
0.4714,0.149208,0.149208
0.47145,0.149202,0.149202
0.4715,0.149197,0.149197
0.47155,0.149191,0.149191
0.4716,0.149186,0.149186
0.47165,0.14918,0.14918
0.4717,0.149174,0.149174
0.47175,0.149169,0.149169
0.4718,0.149163,0.149163
0.47185,0.149158,0.149158
0.4719,0.149152,0.149152
0.47195,0.149147,0.149147
0.472,0.149141,0.149141
0.47205,0.149135,0.149135
0.4721,0.14913,0.14913
0.47215,0.149124,0.149124
0.4722,0.149119,0.149119
0.47225,0.149113,0.149113
0.4723,0.149108,0.149108
0.47235,0.149102,0.149102
0.4724,0.149096,0.149096
0.47245,0.149091,0.149091
0.4725,0.149085,0.149085
0.47255,0.14908,0.14908
0.4726,0.149074,0.149074
0.47265,0.149068,0.149068
0.4727,0.149063,0.149063
0.47275,0.149057,0.149057
0.4728,0.149052,0.149052
0.47285,0.149046,0.149046
0.4729,0.149041,0.149041
0.47295,0.149035,0.149035
0.473,0.149029,0.149029
0.47305,0.149024,0.149024
0.4731,0.149018,0.149018
0.47315,0.149013,0.149013
0.4732,0.149007,0.149007
0.47325,0.149001,0.149001
0.4733,0.148996,0.148996
0.47335,0.14899,0.14899
0.4734,0.148985,0.148985
0.47345,0.148979,0.148979
0.4735,0.148973,0.148973
0.47355,0.148968,0.148968
0.4736,0.148962,0.148962
0.47365,0.148957,0.148957
0.4737,0.148951,0.148951
0.47375,0.148945,0.148945
0.4738,0.14894,0.14894
0.47385,0.148934,0.148934
0.4739,0.148928,0.148928
0.47395,0.148923,0.148923
0.474,0.148917,0.148917
0.47405,0.148912,0.148912
0.4741,0.148906,0.148906
0.47415,0.1489,0.1489
0.4742,0.148895,0.148895
0.47425,0.148889,0.148889
0.4743,0.148884,0.148884
0.47435,0.148878,0.148878
0.4744,0.148872,0.148872
0.47445,0.148867,0.148867
0.4745,0.148861,0.148861
0.47455,0.148855,0.148855
0.4746,0.14885,0.14885
0.47465,0.148844,0.148844
0.4747,0.148839,0.148839
0.47475,0.148833,0.148833
0.4748,0.148827,0.148827
0.47485,0.148822,0.148822
0.4749,0.148816,0.148816
0.47495,0.14881,0.14881
0.475,0.148805,0.148805
0.47505,0.148799,0.148799
0.4751,0.148793,0.148793
0.47515,0.148788,0.148788
0.4752,0.148782,0.148782
0.47525,0.148776,0.148776
0.4753,0.148771,0.148771
0.47535,0.148765,0.148765
0.4754,0.14876,0.14876
0.47545,0.148754,0.148754
0.4755,0.148748,0.148748
0.47555,0.148743,0.148743
0.4756,0.148737,0.148737
0.47565,0.148731,0.148731
0.4757,0.148726,0.148726
0.47575,0.14872,0.14872
0.4758,0.148714,0.148714
0.47585,0.148709,0.148709
0.4759,0.148703,0.148703
0.47595,0.148697,0.148697
0.476,0.148692,0.148692
0.47605,0.148686,0.148686
0.4761,0.14868,0.14868
0.47615,0.148675,0.148675
0.4762,0.148669,0.148669
0.47625,0.148663,0.148663
0.4763,0.148658,0.148658
0.47635,0.148652,0.148652
0.4764,0.148646,0.148646
0.47645,0.148641,0.148641
0.4765,0.148635,0.148635
0.47655,0.148629,0.148629
0.4766,0.148624,0.148624
0.47665,0.148618,0.148618
0.4767,0.148612,0.148612
0.47675,0.148607,0.148607
0.4768,0.148601,0.148601
0.47685,0.148595,0.148595
0.4769,0.148589,0.148589
0.47695,0.148584,0.148584
0.477,0.148578,0.148578
0.47705,0.148572,0.148572
0.4771,0.148567,0.148567
0.47715,0.148561,0.148561
0.4772,0.148555,0.148555
0.47725,0.14855,0.14855
0.4773,0.148544,0.148544
0.47735,0.148538,0.148538
0.4774,0.148533,0.148533
0.47745,0.148527,0.148527
0.4775,0.148521,0.148521
0.47755,0.148515,0.148515
0.4776,0.14851,0.14851
0.47765,0.148504,0.148504
0.4777,0.148498,0.148498
0.47775,0.148493,0.148493
0.4778,0.148487,0.148487
0.47785,0.148481,0.148481
0.4779,0.148476,0.148476
0.47795,0.14847,0.14847
0.478,0.148464,0.148464
0.47805,0.148458,0.148458
0.4781,0.148453,0.148453
0.47815,0.148447,0.148447
0.4782,0.148441,0.148441
0.47825,0.148436,0.148436
0.4783,0.14843,0.14843
0.47835,0.148424,0.148424
0.4784,0.148418,0.148418
0.47845,0.148413,0.148413
0.4785,0.148407,0.148407
0.47855,0.148401,0.148401
0.4786,0.148395,0.148395
0.47865,0.14839,0.14839
0.4787,0.148384,0.148384
0.47875,0.148378,0.148378
0.4788,0.148373,0.148373
0.47885,0.148367,0.148367
0.4789,0.148361,0.148361
0.47895,0.148355,0.148355
0.479,0.14835,0.14835
0.47905,0.148344,0.148344
0.4791,0.148338,0.148338
0.47915,0.148332,0.148332
0.4792,0.148327,0.148327
0.47925,0.148321,0.148321
0.4793,0.148315,0.148315
0.47935,0.148309,0.148309
0.4794,0.148304,0.148304
0.47945,0.148298,0.148298
0.4795,0.148292,0.148292
0.47955,0.148286,0.148286
0.4796,0.148281,0.148281
0.47965,0.148275,0.148275
0.4797,0.148269,0.148269
0.47975,0.148263,0.148263
0.4798,0.148258,0.148258
0.47985,0.148252,0.148252
0.4799,0.148246,0.148246
0.47995,0.14824,0.14824
0.48,0.148235,0.148235
0.48005,0.148229,0.148229
0.4801,0.148223,0.148223
0.48015,0.148217,0.148217
0.4802,0.148212,0.148212
0.48025,0.148206,0.148206
0.4803,0.1482,0.1482
0.48035,0.148194,0.148194
0.4804,0.148189,0.148189
0.48045,0.148183,0.148183
0.4805,0.148177,0.148177
0.48055,0.148171,0.148171
0.4806,0.148165,0.148165
0.48065,0.14816,0.14816
0.4807,0.148154,0.148154
0.48075,0.148148,0.148148
0.4808,0.148142,0.148142
0.48085,0.148137,0.148137
0.4809,0.148131,0.148131
0.48095,0.148125,0.148125
0.481,0.148119,0.148119
0.48105,0.148113,0.148113
0.4811,0.148108,0.148108
0.48115,0.148102,0.148102
0.4812,0.148096,0.148096
0.48125,0.14809,0.14809
0.4813,0.148085,0.148085
0.48135,0.148079,0.148079
0.4814,0.148073,0.148073
0.48145,0.148067,0.148067
0.4815,0.148061,0.148061
0.48155,0.148056,0.148056
0.4816,0.14805,0.14805
0.48165,0.148044,0.148044
0.4817,0.148038,0.148038
0.48175,0.148032,0.148032
0.4818,0.148027,0.148027
0.48185,0.148021,0.148021
0.4819,0.148015,0.148015
0.48195,0.148009,0.148009
0.482,0.148003,0.148003
0.48205,0.147997,0.147997
0.4821,0.147992,0.147992
0.48215,0.147986,0.147986
0.4822,0.14798,0.14798
0.48225,0.147974,0.147974
0.4823,0.147968,0.147968
0.48235,0.147963,0.147963
0.4824,0.147957,0.147957
0.48245,0.147951,0.147951
0.4825,0.147945,0.147945
0.48255,0.147939,0.147939
0.4826,0.147934,0.147934
0.48265,0.147928,0.147928
0.4827,0.147922,0.147922
0.48275,0.147916,0.147916
0.4828,0.14791,0.14791
0.48285,0.147904,0.147904
0.4829,0.147899,0.147899
0.48295,0.147893,0.147893
0.483,0.147887,0.147887
0.48305,0.147881,0.147881
0.4831,0.147875,0.147875
0.48315,0.147869,0.147869
0.4832,0.147864,0.147864
0.48325,0.147858,0.147858
0.4833,0.147852,0.147852
0.48335,0.147846,0.147846
0.4834,0.14784,0.14784
0.48345,0.147834,0.147834
0.4835,0.147829,0.147829
0.48355,0.147823,0.147823
0.4836,0.147817,0.147817
0.48365,0.147811,0.147811
0.4837,0.147805,0.147805
0.48375,0.147799,0.147799
0.4838,0.147793,0.147793
0.48385,0.147788,0.147788
0.4839,0.147782,0.147782
0.48395,0.147776,0.147776
0.484,0.14777,0.14777
0.48405,0.147764,0.147764
0.4841,0.147758,0.147758
0.48415,0.147752,0.147752
0.4842,0.147747,0.147747
0.48425,0.147741,0.147741
0.4843,0.147735,0.147735
0.48435,0.147729,0.147729
0.4844,0.147723,0.147723
0.48445,0.147717,0.147717
0.4845,0.147711,0.147711
0.48455,0.147706,0.147706
0.4846,0.1477,0.1477
0.48465,0.147694,0.147694
0.4847,0.147688,0.147688
0.48475,0.147682,0.147682
0.4848,0.147676,0.147676
0.48485,0.14767,0.14767
0.4849,0.147664,0.147664
0.48495,0.147659,0.147659
0.485,0.147653,0.147653
0.48505,0.147647,0.147647
0.4851,0.147641,0.147641
0.48515,0.147635,0.147635
0.4852,0.147629,0.147629
0.48525,0.147623,0.147623
0.4853,0.147617,0.147617
0.48535,0.147611,0.147611
0.4854,0.147606,0.147606
0.48545,0.1476,0.1476
0.4855,0.147594,0.147594
0.48555,0.147588,0.147588
0.4856,0.147582,0.147582
0.48565,0.147576,0.147576
0.4857,0.14757,0.14757
0.48575,0.147564,0.147564
0.4858,0.147558,0.147558
0.48585,0.147552,0.147552
0.4859,0.147547,0.147547
0.48595,0.147541,0.147541
0.486,0.147535,0.147535
0.48605,0.147529,0.147529
0.4861,0.147523,0.147523
0.48615,0.147517,0.147517
0.4862,0.147511,0.147511
0.48625,0.147505,0.147505
0.4863,0.147499,0.147499
0.48635,0.147493,0.147493
0.4864,0.147488,0.147488
0.48645,0.147482,0.147482
0.4865,0.147476,0.147476
0.48655,0.14747,0.14747
0.4866,0.147464,0.147464
0.48665,0.147458,0.147458
0.4867,0.147452,0.147452
0.48675,0.147446,0.147446
0.4868,0.14744,0.14744
0.48685,0.147434,0.147434
0.4869,0.147428,0.147428
0.48695,0.147422,0.147422
0.487,0.147416,0.147416
0.48705,0.147411,0.147411
0.4871,0.147405,0.147405
0.48715,0.147399,0.147399
0.4872,0.147393,0.147393
0.48725,0.147387,0.147387
0.4873,0.147381,0.147381
0.48735,0.147375,0.147375
0.4874,0.147369,0.147369
0.48745,0.147363,0.147363
0.4875,0.147357,0.147357
0.48755,0.147351,0.147351
0.4876,0.147345,0.147345
0.48765,0.147339,0.147339
0.4877,0.147333,0.147333
0.48775,0.147327,0.147327
0.4878,0.147321,0.147321
0.48785,0.147315,0.147315
0.4879,0.14731,0.14731
0.48795,0.147304,0.147304
0.488,0.147298,0.147298
0.48805,0.147292,0.147292
0.4881,0.147286,0.147286
0.48815,0.14728,0.14728
0.4882,0.147274,0.147274
0.48825,0.147268,0.147268
0.4883,0.147262,0.147262
0.48835,0.147256,0.147256
0.4884,0.14725,0.14725
0.48845,0.147244,0.147244
0.4885,0.147238,0.147238
0.48855,0.147232,0.147232
0.4886,0.147226,0.147226
0.48865,0.14722,0.14722
0.4887,0.147214,0.147214
0.48875,0.147208,0.147208
0.4888,0.147202,0.147202
0.48885,0.147196,0.147196
0.4889,0.14719,0.14719
0.48895,0.147184,0.147184
0.489,0.147178,0.147178
0.48905,0.147172,0.147172
0.4891,0.147166,0.147166
0.48915,0.14716,0.14716
0.4892,0.147154,0.147154
0.48925,0.147148,0.147148
0.4893,0.147142,0.147142
0.48935,0.147136,0.147136
0.4894,0.14713,0.14713
0.48945,0.147124,0.147124
0.4895,0.147118,0.147118
0.48955,0.147112,0.147112
0.4896,0.147106,0.147106
0.48965,0.1471,0.1471
0.4897,0.147094,0.147094
0.48975,0.147088,0.147088
0.4898,0.147083,0.147083
0.48985,0.147077,0.147077
0.4899,0.147071,0.147071
0.48995,0.147065,0.147065
0.49,0.147058,0.147059
0.49005,0.147052,0.147052
0.4901,0.147046,0.147046
0.49015,0.14704,0.14704
0.4902,0.147034,0.147034
0.49025,0.147028,0.147028
0.4903,0.147022,0.147022
0.49035,0.147016,0.147016
0.4904,0.14701,0.14701
0.49045,0.147004,0.147004
0.4905,0.146998,0.146998
0.49055,0.146992,0.146992
0.4906,0.146986,0.146986
0.49065,0.14698,0.14698
0.4907,0.146974,0.146974
0.49075,0.146968,0.146968
0.4908,0.146962,0.146962
0.49085,0.146956,0.146956
0.4909,0.14695,0.14695
0.49095,0.146944,0.146944
0.491,0.146938,0.146938
0.49105,0.146932,0.146932
0.4911,0.146926,0.146926
0.49115,0.14692,0.14692
0.4912,0.146914,0.146914
0.49125,0.146908,0.146908
0.4913,0.146902,0.146902
0.49135,0.146896,0.146896
0.4914,0.14689,0.14689
0.49145,0.146884,0.146884
0.4915,0.146878,0.146878
0.49155,0.146872,0.146872
0.4916,0.146866,0.146866
0.49165,0.14686,0.14686
0.4917,0.146854,0.146854
0.49175,0.146848,0.146848
0.4918,0.146842,0.146842
0.49185,0.146836,0.146836
0.4919,0.14683,0.14683
0.49195,0.146823,0.146823
0.492,0.146817,0.146817
0.49205,0.146811,0.146811
0.4921,0.146805,0.146805
0.49215,0.146799,0.146799
0.4922,0.146793,0.146793
0.49225,0.146787,0.146787
0.4923,0.146781,0.146781
0.49235,0.146775,0.146775
0.4924,0.146769,0.146769
0.49245,0.146763,0.146763
0.4925,0.146757,0.146757
0.49255,0.146751,0.146751
0.4926,0.146745,0.146745
0.49265,0.146739,0.146739
0.4927,0.146733,0.146733
0.49275,0.146727,0.146727
0.4928,0.14672,0.14672
0.49285,0.146714,0.146714
0.4929,0.146708,0.146708
0.49295,0.146702,0.146702
0.493,0.146696,0.146696
0.49305,0.14669,0.14669
0.4931,0.146684,0.146684
0.49315,0.146678,0.146678
0.4932,0.146672,0.146672
0.49325,0.146666,0.146666
0.4933,0.14666,0.14666
0.49335,0.146654,0.146654
0.4934,0.146647,0.146647
0.49345,0.146641,0.146641
0.4935,0.146635,0.146635
0.49355,0.146629,0.146629
0.4936,0.146623,0.146623
0.49365,0.146617,0.146617
0.4937,0.146611,0.146611
0.49375,0.146605,0.146605
0.4938,0.146599,0.146599
0.49385,0.146593,0.146593
0.4939,0.146587,0.146587
0.49395,0.14658,0.14658
0.494,0.146574,0.146574
0.49405,0.146568,0.146568
0.4941,0.146562,0.146562
0.49415,0.146556,0.146556
0.4942,0.14655,0.14655
0.49425,0.146544,0.146544
0.4943,0.146538,0.146538
0.49435,0.146532,0.146532
0.4944,0.146526,0.146526
0.49445,0.146519,0.146519
0.4945,0.146513,0.146513
0.49455,0.146507,0.146507
0.4946,0.146501,0.146501
0.49465,0.146495,0.146495
0.4947,0.146489,0.146489
0.49475,0.146483,0.146483
0.4948,0.146477,0.146477
0.49485,0.14647,0.14647
0.4949,0.146464,0.146464
0.49495,0.146458,0.146458
0.495,0.146452,0.146452
0.49505,0.146446,0.146446
0.4951,0.14644,0.14644
0.49515,0.146434,0.146434
0.4952,0.146428,0.146428
0.49525,0.146421,0.146421
0.4953,0.146415,0.146415
0.49535,0.146409,0.146409
0.4954,0.146403,0.146403
0.49545,0.146397,0.146397
0.4955,0.146391,0.146391
0.49555,0.146385,0.146385
0.4956,0.146379,0.146379
0.49565,0.146372,0.146372
0.4957,0.146366,0.146366
0.49575,0.14636,0.14636
0.4958,0.146354,0.146354
0.49585,0.146348,0.146348
0.4959,0.146342,0.146342
0.49595,0.146335,0.146335
0.496,0.146329,0.146329
0.49605,0.146323,0.146323
0.4961,0.146317,0.146317
0.49615,0.146311,0.146311
0.4962,0.146305,0.146305
0.49625,0.146299,0.146299
0.4963,0.146292,0.146292
0.49635,0.146286,0.146286
0.4964,0.14628,0.14628
0.49645,0.146274,0.146274
0.4965,0.146268,0.146268
0.49655,0.146262,0.146262
0.4966,0.146255,0.146255
0.49665,0.146249,0.146249
0.4967,0.146243,0.146243
0.49675,0.146237,0.146237
0.4968,0.146231,0.146231
0.49685,0.146225,0.146225
0.4969,0.146218,0.146218
0.49695,0.146212,0.146212
0.497,0.146206,0.146206
0.49705,0.1462,0.1462
0.4971,0.146194,0.146194
0.49715,0.146188,0.146188
0.4972,0.146181,0.146181
0.49725,0.146175,0.146175
0.4973,0.146169,0.146169
0.49735,0.146163,0.146163
0.4974,0.146157,0.146157
0.49745,0.14615,0.14615
0.4975,0.146144,0.146144
0.49755,0.146138,0.146138
0.4976,0.146132,0.146132
0.49765,0.146126,0.146126
0.4977,0.14612,0.14612
0.49775,0.146113,0.146113
0.4978,0.146107,0.146107
0.49785,0.146101,0.146101
0.4979,0.146095,0.146095
0.49795,0.146089,0.146089
0.498,0.146082,0.146082
0.49805,0.146076,0.146076
0.4981,0.14607,0.14607
0.49815,0.146064,0.146064
0.4982,0.146058,0.146058
0.49825,0.146051,0.146051
0.4983,0.146045,0.146045
0.49835,0.146039,0.146039
0.4984,0.146033,0.146033
0.49845,0.146026,0.146026
0.4985,0.14602,0.14602
0.49855,0.146014,0.146014
0.4986,0.146008,0.146008
0.49865,0.146002,0.146002
0.4987,0.145995,0.145995
0.49875,0.145989,0.145989
0.4988,0.145983,0.145983
0.49885,0.145977,0.145977
0.4989,0.145971,0.145971
0.49895,0.145964,0.145964
0.499,0.145958,0.145958
0.49905,0.145952,0.145952
0.4991,0.145946,0.145946
0.49915,0.145939,0.145939
0.4992,0.145933,0.145933
0.49925,0.145927,0.145927
0.4993,0.145921,0.145921
0.49935,0.145914,0.145914
0.4994,0.145908,0.145908
0.49945,0.145902,0.145902
0.4995,0.145896,0.145896
0.49955,0.14589,0.14589
0.4996,0.145883,0.145883
0.49965,0.145877,0.145877
0.4997,0.145871,0.145871
0.49975,0.145865,0.145865
0.4998,0.145858,0.145858
0.49985,0.145852,0.145852
0.4999,0.145846,0.145846
0.49995,0.14584,0.14584
0.5,0.145833,0.145833
0.50005,0.145827,0.145827
0.5001,0.145821,0.145821
0.50015,0.145815,0.145815
0.5002,0.145808,0.145808
0.50025,0.145802,0.145802
0.5003,0.145796,0.145796
0.50035,0.14579,0.14579
0.5004,0.145783,0.145783
0.50045,0.145777,0.145777
0.5005,0.145771,0.145771
0.50055,0.145765,0.145765
0.5006,0.145758,0.145758
0.50065,0.145752,0.145752
0.5007,0.145746,0.145746
0.50075,0.145739,0.145739
0.5008,0.145733,0.145733
0.50085,0.145727,0.145727
0.5009,0.145721,0.145721
0.50095,0.145714,0.145714
0.501,0.145708,0.145708
0.50105,0.145702,0.145702
0.5011,0.145696,0.145696
0.50115,0.145689,0.145689
0.5012,0.145683,0.145683
0.50125,0.145677,0.145677
0.5013,0.14567,0.14567
0.50135,0.145664,0.145664
0.5014,0.145658,0.145658
0.50145,0.145652,0.145652
0.5015,0.145645,0.145645
0.50155,0.145639,0.145639
0.5016,0.145633,0.145633
0.50165,0.145626,0.145626
0.5017,0.14562,0.14562
0.50175,0.145614,0.145614
0.5018,0.145608,0.145608
0.50185,0.145601,0.145601
0.5019,0.145595,0.145595
0.50195,0.145589,0.145589
0.502,0.145582,0.145582
0.50205,0.145576,0.145576
0.5021,0.14557,0.14557
0.50215,0.145563,0.145563
0.5022,0.145557,0.145557
0.50225,0.145551,0.145551
0.5023,0.145545,0.145545
0.50235,0.145538,0.145538
0.5024,0.145532,0.145532
0.50245,0.145526,0.145526
0.5025,0.145519,0.145519
0.50255,0.145513,0.145513
0.5026,0.145507,0.145507
0.50265,0.1455,0.1455
0.5027,0.145494,0.145494
0.50275,0.145488,0.145488
0.5028,0.145481,0.145481
0.50285,0.145475,0.145475
0.5029,0.145469,0.145469
0.50295,0.145462,0.145462
0.503,0.145456,0.145456
0.50305,0.14545,0.14545
0.5031,0.145443,0.145443
0.50315,0.145437,0.145437
0.5032,0.145431,0.145431
0.50325,0.145424,0.145424
0.5033,0.145418,0.145418
0.50335,0.145412,0.145412
0.5034,0.145405,0.145405
0.50345,0.145399,0.145399
0.5035,0.145393,0.145393
0.50355,0.145386,0.145386
0.5036,0.14538,0.14538
0.50365,0.145374,0.145374
0.5037,0.145367,0.145367
0.50375,0.145361,0.145361
0.5038,0.145355,0.145355
0.50385,0.145348,0.145348
0.5039,0.145342,0.145342
0.50395,0.145336,0.145336
0.504,0.145329,0.145329
0.50405,0.145323,0.145323
0.5041,0.145317,0.145317
0.50415,0.14531,0.14531
0.5042,0.145304,0.145304
0.50425,0.145298,0.145298
0.5043,0.145291,0.145291
0.50435,0.145285,0.145285
0.5044,0.145278,0.145278
0.50445,0.145272,0.145272
0.5045,0.145266,0.145266
0.50455,0.145259,0.145259
0.5046,0.145253,0.145253
0.50465,0.145247,0.145247
0.5047,0.14524,0.14524
0.50475,0.145234,0.145234
0.5048,0.145228,0.145228
0.50485,0.145221,0.145221
0.5049,0.145215,0.145215
0.50495,0.145208,0.145208
0.505,0.145202,0.145202
0.50505,0.145196,0.145196
0.5051,0.145189,0.145189
0.50515,0.145183,0.145183
0.5052,0.145177,0.145177
0.50525,0.14517,0.14517
0.5053,0.145164,0.145164
0.50535,0.145157,0.145157
0.5054,0.145151,0.145151
0.50545,0.145145,0.145145
0.5055,0.145138,0.145138
0.50555,0.145132,0.145132
0.5056,0.145125,0.145125
0.50565,0.145119,0.145119
0.5057,0.145113,0.145113
0.50575,0.145106,0.145106
0.5058,0.1451,0.1451
0.50585,0.145093,0.145093
0.5059,0.145087,0.145087
0.50595,0.145081,0.145081
0.506,0.145074,0.145074
0.50605,0.145068,0.145068
0.5061,0.145061,0.145061
0.50615,0.145055,0.145055
0.5062,0.145049,0.145049
0.50625,0.145042,0.145042
0.5063,0.145036,0.145036
0.50635,0.145029,0.145029
0.5064,0.145023,0.145023
0.50645,0.145017,0.145017
0.5065,0.14501,0.14501
0.50655,0.145004,0.145004
0.5066,0.144997,0.144997
0.50665,0.144991,0.144991
0.5067,0.144985,0.144985
0.50675,0.144978,0.144978
0.5068,0.144972,0.144972
0.50685,0.144965,0.144965
0.5069,0.144959,0.144959
0.50695,0.144952,0.144952
0.507,0.144946,0.144946
0.50705,0.14494,0.14494
0.5071,0.144933,0.144933
0.50715,0.144927,0.144927
0.5072,0.14492,0.14492
0.50725,0.144914,0.144914
0.5073,0.144907,0.144907
0.50735,0.144901,0.144901
0.5074,0.144895,0.144895
0.50745,0.144888,0.144888
0.5075,0.144882,0.144882
0.50755,0.144875,0.144875
0.5076,0.144869,0.144869
0.50765,0.144862,0.144862
0.5077,0.144856,0.144856
0.50775,0.144849,0.144849
0.5078,0.144843,0.144843
0.50785,0.144837,0.144837
0.5079,0.14483,0.14483
0.50795,0.144824,0.144824
0.508,0.144817,0.144817
0.50805,0.144811,0.144811
0.5081,0.144804,0.144804
0.50815,0.144798,0.144798
0.5082,0.144791,0.144791
0.50825,0.144785,0.144785
0.5083,0.144779,0.144779
0.50835,0.144772,0.144772
0.5084,0.144766,0.144766
0.50845,0.144759,0.144759
0.5085,0.144753,0.144753
0.50855,0.144746,0.144746
0.5086,0.14474,0.14474
0.50865,0.144733,0.144733
0.5087,0.144727,0.144727
0.50875,0.14472,0.14472
0.5088,0.144714,0.144714
0.50885,0.144707,0.144707
0.5089,0.144701,0.144701
0.50895,0.144694,0.144694
0.509,0.144688,0.144688
0.50905,0.144681,0.144681
0.5091,0.144675,0.144675
0.50915,0.144669,0.144669
0.5092,0.144662,0.144662
0.50925,0.144656,0.144656
0.5093,0.144649,0.144649
0.50935,0.144643,0.144643
0.5094,0.144636,0.144636
0.50945,0.14463,0.14463
0.5095,0.144623,0.144623
0.50955,0.144617,0.144617
0.5096,0.14461,0.14461
0.50965,0.144604,0.144604
0.5097,0.144597,0.144597
0.50975,0.144591,0.144591
0.5098,0.144584,0.144584
0.50985,0.144578,0.144578
0.5099,0.144571,0.144571
0.50995,0.144565,0.144565
0.51,0.144558,0.144558
0.51005,0.144552,0.144552
0.5101,0.144545,0.144545
0.51015,0.144539,0.144539
0.5102,0.144532,0.144532
0.51025,0.144526,0.144526
0.5103,0.144519,0.144519
0.51035,0.144513,0.144513
0.5104,0.144506,0.144506
0.51045,0.1445,0.1445
0.5105,0.144493,0.144493
0.51055,0.144487,0.144487
0.5106,0.14448,0.14448
0.51065,0.144474,0.144474
0.5107,0.144467,0.144467
0.51075,0.14446,0.14446
0.5108,0.144454,0.144454
0.51085,0.144447,0.144447
0.5109,0.144441,0.144441
0.51095,0.144434,0.144434
0.511,0.144428,0.144428
0.51105,0.144421,0.144421
0.5111,0.144415,0.144415
0.51115,0.144408,0.144408
0.5112,0.144402,0.144402
0.51125,0.144395,0.144395
0.5113,0.144389,0.144389
0.51135,0.144382,0.144382
0.5114,0.144376,0.144376
0.51145,0.144369,0.144369
0.5115,0.144363,0.144363
0.51155,0.144356,0.144356
0.5116,0.144349,0.144349
0.51165,0.144343,0.144343
0.5117,0.144336,0.144336
0.51175,0.14433,0.14433
0.5118,0.144323,0.144323
0.51185,0.144317,0.144317
0.5119,0.14431,0.14431
0.51195,0.144304,0.144304
0.512,0.144297,0.144297
0.51205,0.14429,0.14429
0.5121,0.144284,0.144284
0.51215,0.144277,0.144277
0.5122,0.144271,0.144271
0.51225,0.144264,0.144264
0.5123,0.144258,0.144258
0.51235,0.144251,0.144251
0.5124,0.144245,0.144245
0.51245,0.144238,0.144238
0.5125,0.144231,0.144231
0.51255,0.144225,0.144225
0.5126,0.144218,0.144218
0.51265,0.144212,0.144212
0.5127,0.144205,0.144205
0.51275,0.144199,0.144199
0.5128,0.144192,0.144192
0.51285,0.144185,0.144185
0.5129,0.144179,0.144179
0.51295,0.144172,0.144172
0.513,0.144166,0.144166
0.51305,0.144159,0.144159
0.5131,0.144153,0.144153
0.51315,0.144146,0.144146
0.5132,0.144139,0.144139
0.51325,0.144133,0.144133
0.5133,0.144126,0.144126
0.51335,0.14412,0.14412
0.5134,0.144113,0.144113
0.51345,0.144106,0.144106
0.5135,0.1441,0.1441
0.51355,0.144093,0.144093
0.5136,0.144087,0.144087
0.51365,0.14408,0.14408
0.5137,0.144073,0.144073
0.51375,0.144067,0.144067
0.5138,0.14406,0.14406
0.51385,0.144054,0.144054
0.5139,0.144047,0.144047
0.51395,0.14404,0.14404
0.514,0.144034,0.144034
0.51405,0.144027,0.144027
0.5141,0.144021,0.144021
0.51415,0.144014,0.144014
0.5142,0.144007,0.144007
0.51425,0.144001,0.144001
0.5143,0.143994,0.143994
0.51435,0.143988,0.143988
0.5144,0.143981,0.143981
0.51445,0.143974,0.143974
0.5145,0.143968,0.143968
0.51455,0.143961,0.143961
0.5146,0.143955,0.143955
0.51465,0.143948,0.143948
0.5147,0.143941,0.143941
0.51475,0.143935,0.143935
0.5148,0.143928,0.143928
0.51485,0.143921,0.143921
0.5149,0.143915,0.143915
0.51495,0.143908,0.143908
0.515,0.143902,0.143902
0.51505,0.143895,0.143895
0.5151,0.143888,0.143888
0.51515,0.143882,0.143882
0.5152,0.143875,0.143875
0.51525,0.143868,0.143868
0.5153,0.143862,0.143862
0.51535,0.143855,0.143855
0.5154,0.143848,0.143848
0.51545,0.143842,0.143842
0.5155,0.143835,0.143835
0.51555,0.143829,0.143829
0.5156,0.143822,0.143822
0.51565,0.143815,0.143815
0.5157,0.143809,0.143809
0.51575,0.143802,0.143802
0.5158,0.143795,0.143795
0.51585,0.143789,0.143789
0.5159,0.143782,0.143782
0.51595,0.143775,0.143775
0.516,0.143769,0.143769
0.51605,0.143762,0.143762
0.5161,0.143755,0.143755
0.51615,0.143749,0.143749
0.5162,0.143742,0.143742
0.51625,0.143735,0.143735
0.5163,0.143729,0.143729
0.51635,0.143722,0.143722
0.5164,0.143715,0.143715
0.51645,0.143709,0.143709
0.5165,0.143702,0.143702
0.51655,0.143695,0.143695
0.5166,0.143689,0.143689
0.51665,0.143682,0.143682
0.5167,0.143675,0.143675
0.51675,0.143669,0.143669
0.5168,0.143662,0.143662
0.51685,0.143655,0.143655
0.5169,0.143649,0.143649
0.51695,0.143642,0.143642
0.517,0.143635,0.143635
0.51705,0.143629,0.143629
0.5171,0.143622,0.143622
0.51715,0.143615,0.143615
0.5172,0.143609,0.143609
0.51725,0.143602,0.143602
0.5173,0.143595,0.143595
0.51735,0.143588,0.143588
0.5174,0.143582,0.143582
0.51745,0.143575,0.143575
0.5175,0.143568,0.143568
0.51755,0.143562,0.143562
0.5176,0.143555,0.143555
0.51765,0.143548,0.143548
0.5177,0.143542,0.143542
0.51775,0.143535,0.143535
0.5178,0.143528,0.143528
0.51785,0.143521,0.143521
0.5179,0.143515,0.143515
0.51795,0.143508,0.143508
0.518,0.143501,0.143501
0.51805,0.143495,0.143495
0.5181,0.143488,0.143488
0.51815,0.143481,0.143481
0.5182,0.143475,0.143475
0.51825,0.143468,0.143468
0.5183,0.143461,0.143461
0.51835,0.143454,0.143454
0.5184,0.143448,0.143448
0.51845,0.143441,0.143441
0.5185,0.143434,0.143434
0.51855,0.143427,0.143427
0.5186,0.143421,0.143421
0.51865,0.143414,0.143414
0.5187,0.143407,0.143407
0.51875,0.143401,0.143401
0.5188,0.143394,0.143394
0.51885,0.143387,0.143387
0.5189,0.14338,0.14338
0.51895,0.143374,0.143374
0.519,0.143367,0.143367
0.51905,0.14336,0.14336
0.5191,0.143353,0.143353
0.51915,0.143347,0.143347
0.5192,0.14334,0.14334
0.51925,0.143333,0.143333
0.5193,0.143327,0.143327
0.51935,0.14332,0.14332
0.5194,0.143313,0.143313
0.51945,0.143306,0.143306
0.5195,0.1433,0.1433
0.51955,0.143293,0.143293
0.5196,0.143286,0.143286
0.51965,0.143279,0.143279
0.5197,0.143273,0.143273
0.51975,0.143266,0.143266
0.5198,0.143259,0.143259
0.51985,0.143252,0.143252
0.5199,0.143246,0.143246
0.51995,0.143239,0.143239
0.52,0.143232,0.143232
0.52005,0.143225,0.143225
0.5201,0.143218,0.143218
0.52015,0.143212,0.143212
0.5202,0.143205,0.143205
0.52025,0.143198,0.143198
0.5203,0.143191,0.143191
0.52035,0.143185,0.143185
0.5204,0.143178,0.143178
0.52045,0.143171,0.143171
0.5205,0.143164,0.143164
0.52055,0.143158,0.143158
0.5206,0.143151,0.143151
0.52065,0.143144,0.143144
0.5207,0.143137,0.143137
0.52075,0.14313,0.14313
0.5208,0.143124,0.143124
0.52085,0.143117,0.143117
0.5209,0.14311,0.14311
0.52095,0.143103,0.143103
0.521,0.143097,0.143097
0.52105,0.14309,0.14309
0.5211,0.143083,0.143083
0.52115,0.143076,0.143076
0.5212,0.143069,0.143069
0.52125,0.143063,0.143063
0.5213,0.143056,0.143056
0.52135,0.143049,0.143049
0.5214,0.143042,0.143042
0.52145,0.143035,0.143035
0.5215,0.143029,0.143029
0.52155,0.143022,0.143022
0.5216,0.143015,0.143015
0.52165,0.143008,0.143008
0.5217,0.143001,0.143001
0.52175,0.142995,0.142995
0.5218,0.142988,0.142988
0.52185,0.142981,0.142981
0.5219,0.142974,0.142974
0.52195,0.142967,0.142967
0.522,0.142961,0.142961
0.52205,0.142954,0.142954
0.5221,0.142947,0.142947
0.52215,0.14294,0.14294
0.5222,0.142933,0.142933
0.52225,0.142926,0.142926
0.5223,0.14292,0.14292
0.52235,0.142913,0.142913
0.5224,0.142906,0.142906
0.52245,0.142899,0.142899
0.5225,0.142892,0.142892
0.52255,0.142886,0.142886
0.5226,0.142879,0.142879
0.52265,0.142872,0.142872
0.5227,0.142865,0.142865
0.52275,0.142858,0.142858
0.5228,0.142851,0.142851
0.52285,0.142845,0.142845
0.5229,0.142838,0.142838
0.52295,0.142831,0.142831
0.523,0.142824,0.142824
0.52305,0.142817,0.142817
0.5231,0.14281,0.14281
0.52315,0.142804,0.142804
0.5232,0.142797,0.142797
0.52325,0.14279,0.14279
0.5233,0.142783,0.142783
0.52335,0.142776,0.142776
0.5234,0.142769,0.142769
0.52345,0.142762,0.142762
0.5235,0.142756,0.142756
0.52355,0.142749,0.142749
0.5236,0.142742,0.142742
0.52365,0.142735,0.142735
0.5237,0.142728,0.142728
0.52375,0.142721,0.142721
0.5238,0.142714,0.142714
0.52385,0.142708,0.142708
0.5239,0.142701,0.142701
0.52395,0.142694,0.142694
0.524,0.142687,0.142687
0.52405,0.14268,0.14268
0.5241,0.142673,0.142673
0.52415,0.142666,0.142666
0.5242,0.14266,0.14266
0.52425,0.142653,0.142653
0.5243,0.142646,0.142646
0.52435,0.142639,0.142639
0.5244,0.142632,0.142632
0.52445,0.142625,0.142625
0.5245,0.142618,0.142618
0.52455,0.142611,0.142611
0.5246,0.142605,0.142605
0.52465,0.142598,0.142598
0.5247,0.142591,0.142591
0.52475,0.142584,0.142584
0.5248,0.142577,0.142577
0.52485,0.14257,0.14257
0.5249,0.142563,0.142563
0.52495,0.142556,0.142556
0.525,0.142549,0.142549
0.52505,0.142543,0.142543
0.5251,0.142536,0.142536
0.52515,0.142529,0.142529
0.5252,0.142522,0.142522
0.52525,0.142515,0.142515
0.5253,0.142508,0.142508
0.52535,0.142501,0.142501
0.5254,0.142494,0.142494
0.52545,0.142487,0.142487
0.5255,0.142481,0.142481
0.52555,0.142474,0.142474
0.5256,0.142467,0.142467
0.52565,0.14246,0.14246
0.5257,0.142453,0.142453
0.52575,0.142446,0.142446
0.5258,0.142439,0.142439
0.52585,0.142432,0.142432
0.5259,0.142425,0.142425
0.52595,0.142418,0.142418
0.526,0.142411,0.142411
0.52605,0.142404,0.142404
0.5261,0.142398,0.142398
0.52615,0.142391,0.142391
0.5262,0.142384,0.142384
0.52625,0.142377,0.142377
0.5263,0.14237,0.14237
0.52635,0.142363,0.142363
0.5264,0.142356,0.142356
0.52645,0.142349,0.142349
0.5265,0.142342,0.142342
0.52655,0.142335,0.142335
0.5266,0.142328,0.142328
0.52665,0.142321,0.142321
0.5267,0.142314,0.142314
0.52675,0.142308,0.142308
0.5268,0.142301,0.142301
0.52685,0.142294,0.142294
0.5269,0.142287,0.142287
0.52695,0.14228,0.14228
0.527,0.142273,0.142273
0.52705,0.142266,0.142266
0.5271,0.142259,0.142259
0.52715,0.142252,0.142252
0.5272,0.142245,0.142245
0.52725,0.142238,0.142238
0.5273,0.142231,0.142231
0.52735,0.142224,0.142224
0.5274,0.142217,0.142217
0.52745,0.14221,0.14221
0.5275,0.142203,0.142203
0.52755,0.142196,0.142196
0.5276,0.142189,0.142189
0.52765,0.142182,0.142182
0.5277,0.142175,0.142175
0.52775,0.142169,0.142169
0.5278,0.142162,0.142162
0.52785,0.142155,0.142155
0.5279,0.142148,0.142148
0.52795,0.142141,0.142141
0.528,0.142134,0.142134
0.52805,0.142127,0.142127
0.5281,0.14212,0.14212
0.52815,0.142113,0.142113
0.5282,0.142106,0.142106
0.52825,0.142099,0.142099
0.5283,0.142092,0.142092
0.52835,0.142085,0.142085
0.5284,0.142078,0.142078
0.52845,0.142071,0.142071
0.5285,0.142064,0.142064
0.52855,0.142057,0.142057
0.5286,0.14205,0.14205
0.52865,0.142043,0.142043
0.5287,0.142036,0.142036
0.52875,0.142029,0.142029
0.5288,0.142022,0.142022
0.52885,0.142015,0.142015
0.5289,0.142008,0.142008
0.52895,0.142001,0.142001
0.529,0.141994,0.141994
0.52905,0.141987,0.141987
0.5291,0.14198,0.14198
0.52915,0.141973,0.141973
0.5292,0.141966,0.141966
0.52925,0.141959,0.141959
0.5293,0.141952,0.141952
0.52935,0.141945,0.141945
0.5294,0.141938,0.141938
0.52945,0.141931,0.141931
0.5295,0.141924,0.141924
0.52955,0.141917,0.141917
0.5296,0.14191,0.14191
0.52965,0.141903,0.141903
0.5297,0.141896,0.141896
0.52975,0.141889,0.141889
0.5298,0.141882,0.141882
0.52985,0.141875,0.141875
0.5299,0.141868,0.141868
0.52995,0.141861,0.141861
0.53,0.141854,0.141854
0.53005,0.141847,0.141847
0.5301,0.14184,0.14184
0.53015,0.141833,0.141833
0.5302,0.141826,0.141826
0.53025,0.141819,0.141819
0.5303,0.141812,0.141812
0.53035,0.141805,0.141805
0.5304,0.141798,0.141798
0.53045,0.141791,0.141791
0.5305,0.141784,0.141784
0.53055,0.141777,0.141777
0.5306,0.141769,0.141769
0.53065,0.141762,0.141762
0.5307,0.141755,0.141755
0.53075,0.141748,0.141748
0.5308,0.141741,0.141741
0.53085,0.141734,0.141734
0.5309,0.141727,0.141727
0.53095,0.14172,0.14172
0.531,0.141713,0.141713
0.53105,0.141706,0.141706
0.5311,0.141699,0.141699
0.53115,0.141692,0.141692
0.5312,0.141685,0.141685
0.53125,0.141678,0.141678
0.5313,0.141671,0.141671
0.53135,0.141664,0.141664
0.5314,0.141657,0.141657
0.53145,0.14165,0.14165
0.5315,0.141643,0.141643
0.53155,0.141635,0.141635
0.5316,0.141628,0.141628
0.53165,0.141621,0.141621
0.5317,0.141614,0.141614
0.53175,0.141607,0.141607
0.5318,0.1416,0.1416
0.53185,0.141593,0.141593
0.5319,0.141586,0.141586
0.53195,0.141579,0.141579
0.532,0.141572,0.141572
0.53205,0.141565,0.141565
0.5321,0.141558,0.141558
0.53215,0.141551,0.141551
0.5322,0.141544,0.141544
0.53225,0.141536,0.141536
0.5323,0.141529,0.141529
0.53235,0.141522,0.141522
0.5324,0.141515,0.141515
0.53245,0.141508,0.141508
0.5325,0.141501,0.141501
0.53255,0.141494,0.141494
0.5326,0.141487,0.141487
0.53265,0.14148,0.14148
0.5327,0.141473,0.141473
0.53275,0.141466,0.141466
0.5328,0.141458,0.141458
0.53285,0.141451,0.141451
0.5329,0.141444,0.141444
0.53295,0.141437,0.141437
0.533,0.14143,0.14143
0.53305,0.141423,0.141423
0.5331,0.141416,0.141416
0.53315,0.141409,0.141409
0.5332,0.141402,0.141402
0.53325,0.141395,0.141395
0.5333,0.141387,0.141387
0.53335,0.14138,0.14138
0.5334,0.141373,0.141373
0.53345,0.141366,0.141366
0.5335,0.141359,0.141359
0.53355,0.141352,0.141352
0.5336,0.141345,0.141345
0.53365,0.141338,0.141338
0.5337,0.141331,0.141331
0.53375,0.141323,0.141323
0.5338,0.141316,0.141316
0.53385,0.141309,0.141309
0.5339,0.141302,0.141302
0.53395,0.141295,0.141295
0.534,0.141288,0.141288
0.53405,0.141281,0.141281
0.5341,0.141274,0.141274
0.53415,0.141266,0.141266
0.5342,0.141259,0.141259
0.53425,0.141252,0.141252
0.5343,0.141245,0.141245
0.53435,0.141238,0.141238
0.5344,0.141231,0.141231
0.53445,0.141224,0.141224
0.5345,0.141216,0.141216
0.53455,0.141209,0.141209
0.5346,0.141202,0.141202
0.53465,0.141195,0.141195
0.5347,0.141188,0.141188
0.53475,0.141181,0.141181
0.5348,0.141174,0.141174
0.53485,0.141166,0.141166
0.5349,0.141159,0.141159
0.53495,0.141152,0.141152
0.535,0.141145,0.141145
0.53505,0.141138,0.141138
0.5351,0.141131,0.141131
0.53515,0.141123,0.141123
0.5352,0.141116,0.141116
0.53525,0.141109,0.141109
0.5353,0.141102,0.141102
0.53535,0.141095,0.141095
0.5354,0.141088,0.141088
0.53545,0.14108,0.14108
0.5355,0.141073,0.141073
0.53555,0.141066,0.141066
0.5356,0.141059,0.141059
0.53565,0.141052,0.141052
0.5357,0.141045,0.141045
0.53575,0.141037,0.141037
0.5358,0.14103,0.14103
0.53585,0.141023,0.141023
0.5359,0.141016,0.141016
0.53595,0.141009,0.141009
0.536,0.141002,0.141002
0.53605,0.140994,0.140994
0.5361,0.140987,0.140987
0.53615,0.14098,0.14098
0.5362,0.140973,0.140973
0.53625,0.140966,0.140966
0.5363,0.140958,0.140958
0.53635,0.140951,0.140951
0.5364,0.140944,0.140944
0.53645,0.140937,0.140937
0.5365,0.14093,0.14093
0.53655,0.140922,0.140922
0.5366,0.140915,0.140915
0.53665,0.140908,0.140908
0.5367,0.140901,0.140901
0.53675,0.140894,0.140894
0.5368,0.140886,0.140886
0.53685,0.140879,0.140879
0.5369,0.140872,0.140872
0.53695,0.140865,0.140865
0.537,0.140858,0.140858
0.53705,0.14085,0.14085
0.5371,0.140843,0.140843
0.53715,0.140836,0.140836
0.5372,0.140829,0.140829
0.53725,0.140822,0.140822
0.5373,0.140814,0.140814
0.53735,0.140807,0.140807
0.5374,0.1408,0.1408
0.53745,0.140793,0.140793
0.5375,0.140785,0.140785
0.53755,0.140778,0.140778
0.5376,0.140771,0.140771
0.53765,0.140764,0.140764
0.5377,0.140757,0.140757
0.53775,0.140749,0.140749
0.5378,0.140742,0.140742
0.53785,0.140735,0.140735
0.5379,0.140728,0.140728
0.53795,0.14072,0.14072
0.538,0.140713,0.140713
0.53805,0.140706,0.140706
0.5381,0.140699,0.140699
0.53815,0.140691,0.140691
0.5382,0.140684,0.140684
0.53825,0.140677,0.140677
0.5383,0.14067,0.14067
0.53835,0.140663,0.140663
0.5384,0.140655,0.140655
0.53845,0.140648,0.140648
0.5385,0.140641,0.140641
0.53855,0.140634,0.140634
0.5386,0.140626,0.140626
0.53865,0.140619,0.140619
0.5387,0.140612,0.140612
0.53875,0.140604,0.140604
0.5388,0.140597,0.140597
0.53885,0.14059,0.14059
0.5389,0.140583,0.140583
0.53895,0.140575,0.140575
0.539,0.140568,0.140568
0.53905,0.140561,0.140561
0.5391,0.140554,0.140554
0.53915,0.140546,0.140546
0.5392,0.140539,0.140539
0.53925,0.140532,0.140532
0.5393,0.140525,0.140525
0.53935,0.140517,0.140517
0.5394,0.14051,0.14051
0.53945,0.140503,0.140503
0.5395,0.140495,0.140495
0.53955,0.140488,0.140488
0.5396,0.140481,0.140481
0.53965,0.140474,0.140474
0.5397,0.140466,0.140466
0.53975,0.140459,0.140459
0.5398,0.140452,0.140452
0.53985,0.140445,0.140445
0.5399,0.140437,0.140437
0.53995,0.14043,0.14043
0.54,0.140423,0.140423
0.54005,0.140415,0.140415
0.5401,0.140408,0.140408
0.54015,0.140401,0.140401
0.5402,0.140393,0.140393
0.54025,0.140386,0.140386
0.5403,0.140379,0.140379
0.54035,0.140372,0.140372
0.5404,0.140364,0.140364
0.54045,0.140357,0.140357
0.5405,0.14035,0.14035
0.54055,0.140342,0.140342
0.5406,0.140335,0.140335
0.54065,0.140328,0.140328
0.5407,0.14032,0.14032
0.54075,0.140313,0.140313
0.5408,0.140306,0.140306
0.54085,0.140299,0.140299
0.5409,0.140291,0.140291
0.54095,0.140284,0.140284
0.541,0.140277,0.140277
0.54105,0.140269,0.140269
0.5411,0.140262,0.140262
0.54115,0.140255,0.140255
0.5412,0.140247,0.140247
0.54125,0.14024,0.14024
0.5413,0.140233,0.140233
0.54135,0.140225,0.140225
0.5414,0.140218,0.140218
0.54145,0.140211,0.140211
0.5415,0.140203,0.140203
0.54155,0.140196,0.140196
0.5416,0.140189,0.140189
0.54165,0.140181,0.140181
0.5417,0.140174,0.140174
0.54175,0.140167,0.140167
0.5418,0.140159,0.140159
0.54185,0.140152,0.140152
0.5419,0.140145,0.140145
0.54195,0.140137,0.140137
0.542,0.14013,0.14013
0.54205,0.140123,0.140123
0.5421,0.140115,0.140115
0.54215,0.140108,0.140108
0.5422,0.140101,0.140101
0.54225,0.140093,0.140093
0.5423,0.140086,0.140086
0.54235,0.140079,0.140079
0.5424,0.140071,0.140071
0.54245,0.140064,0.140064
0.5425,0.140056,0.140056
0.54255,0.140049,0.140049
0.5426,0.140042,0.140042
0.54265,0.140034,0.140034
0.5427,0.140027,0.140027
0.54275,0.14002,0.14002
0.5428,0.140012,0.140012
0.54285,0.140005,0.140005
0.5429,0.139998,0.139998
0.54295,0.13999,0.13999
0.543,0.139983,0.139983
0.54305,0.139975,0.139975
0.5431,0.139968,0.139968
0.54315,0.139961,0.139961
0.5432,0.139953,0.139953
0.54325,0.139946,0.139946
0.5433,0.139939,0.139939
0.54335,0.139931,0.139931
0.5434,0.139924,0.139924
0.54345,0.139916,0.139916
0.5435,0.139909,0.139909
0.54355,0.139902,0.139902
0.5436,0.139894,0.139894
0.54365,0.139887,0.139887
0.5437,0.13988,0.13988
0.54375,0.139872,0.139872
0.5438,0.139865,0.139865
0.54385,0.139857,0.139857
0.5439,0.13985,0.13985
0.54395,0.139843,0.139843
0.544,0.139835,0.139835
0.54405,0.139828,0.139828
0.5441,0.13982,0.13982
0.54415,0.139813,0.139813
0.5442,0.139806,0.139806
0.54425,0.139798,0.139798
0.5443,0.139791,0.139791
0.54435,0.139783,0.139783
0.5444,0.139776,0.139776
0.54445,0.139768,0.139768
0.5445,0.139761,0.139761
0.54455,0.139754,0.139754
0.5446,0.139746,0.139746
0.54465,0.139739,0.139739
0.5447,0.139731,0.139731
0.54475,0.139724,0.139724
0.5448,0.139717,0.139717
0.54485,0.139709,0.139709
0.5449,0.139702,0.139702
0.54495,0.139694,0.139694
0.545,0.139687,0.139687
0.54505,0.139679,0.139679
0.5451,0.139672,0.139672
0.54515,0.139665,0.139665
0.5452,0.139657,0.139657
0.54525,0.13965,0.13965
0.5453,0.139642,0.139642
0.54535,0.139635,0.139635
0.5454,0.139627,0.139627
0.54545,0.13962,0.13962
0.5455,0.139613,0.139613
0.54555,0.139605,0.139605
0.5456,0.139598,0.139598
0.54565,0.13959,0.13959
0.5457,0.139583,0.139583
0.54575,0.139575,0.139575
0.5458,0.139568,0.139568
0.54585,0.13956,0.13956
0.5459,0.139553,0.139553
0.54595,0.139546,0.139546
0.546,0.139538,0.139538
0.54605,0.139531,0.139531
0.5461,0.139523,0.139523
0.54615,0.139516,0.139516
0.5462,0.139508,0.139508
0.54625,0.139501,0.139501
0.5463,0.139493,0.139493
0.54635,0.139486,0.139486
0.5464,0.139478,0.139478
0.54645,0.139471,0.139471
0.5465,0.139464,0.139464
0.54655,0.139456,0.139456
0.5466,0.139449,0.139449
0.54665,0.139441,0.139441
0.5467,0.139434,0.139434
0.54675,0.139426,0.139426
0.5468,0.139419,0.139419
0.54685,0.139411,0.139411
0.5469,0.139404,0.139404
0.54695,0.139396,0.139396
0.547,0.139389,0.139389
0.54705,0.139381,0.139381
0.5471,0.139374,0.139374
0.54715,0.139366,0.139366
0.5472,0.139359,0.139359
0.54725,0.139351,0.139351
0.5473,0.139344,0.139344
0.54735,0.139336,0.139336
0.5474,0.139329,0.139329
0.54745,0.139321,0.139321
0.5475,0.139314,0.139314
0.54755,0.139306,0.139306
0.5476,0.139299,0.139299
0.54765,0.139291,0.139291
0.5477,0.139284,0.139284
0.54775,0.139276,0.139276
0.5478,0.139269,0.139269
0.54785,0.139261,0.139261
0.5479,0.139254,0.139254
0.54795,0.139246,0.139246
0.548,0.139239,0.139239
0.54805,0.139231,0.139231
0.5481,0.139224,0.139224
0.54815,0.139216,0.139216
0.5482,0.139209,0.139209
0.54825,0.139201,0.139201
0.5483,0.139194,0.139194
0.54835,0.139186,0.139186
0.5484,0.139179,0.139179
0.54845,0.139171,0.139171
0.5485,0.139164,0.139164
0.54855,0.139156,0.139156
0.5486,0.139149,0.139149
0.54865,0.139141,0.139141
0.5487,0.139134,0.139134
0.54875,0.139126,0.139126
0.5488,0.139119,0.139119
0.54885,0.139111,0.139111
0.5489,0.139104,0.139104
0.54895,0.139096,0.139096
0.549,0.139088,0.139088
0.54905,0.139081,0.139081
0.5491,0.139073,0.139073
0.54915,0.139066,0.139066
0.5492,0.139058,0.139058
0.54925,0.139051,0.139051
0.5493,0.139043,0.139043
0.54935,0.139036,0.139036
0.5494,0.139028,0.139028
0.54945,0.139021,0.139021
0.5495,0.139013,0.139013
0.54955,0.139006,0.139006
0.5496,0.138998,0.138998
0.54965,0.13899,0.13899
0.5497,0.138983,0.138983
0.54975,0.138975,0.138975
0.5498,0.138968,0.138968
0.54985,0.13896,0.13896
0.5499,0.138953,0.138953
0.54995,0.138945,0.138945
0.55,0.138937,0.138937
0.55005,0.13893,0.13893
0.5501,0.138922,0.138922
0.55015,0.138915,0.138915
0.5502,0.138907,0.138907
0.55025,0.1389,0.1389
0.5503,0.138892,0.138892
0.55035,0.138885,0.138885
0.5504,0.138877,0.138877
0.55045,0.138869,0.138869
0.5505,0.138862,0.138862
0.55055,0.138854,0.138854
0.5506,0.138847,0.138847
0.55065,0.138839,0.138839
0.5507,0.138831,0.138831
0.55075,0.138824,0.138824
0.5508,0.138816,0.138816
0.55085,0.138809,0.138809
0.5509,0.138801,0.138801
0.55095,0.138794,0.138794
0.551,0.138786,0.138786
0.55105,0.138778,0.138778
0.5511,0.138771,0.138771
0.55115,0.138763,0.138763
0.5512,0.138756,0.138756
0.55125,0.138748,0.138748
0.5513,0.13874,0.13874
0.55135,0.138733,0.138733
0.5514,0.138725,0.138725
0.55145,0.138718,0.138718
0.5515,0.13871,0.13871
0.55155,0.138702,0.138702
0.5516,0.138695,0.138695
0.55165,0.138687,0.138687
0.5517,0.13868,0.13868
0.55175,0.138672,0.138672
0.5518,0.138664,0.138664
0.55185,0.138657,0.138657
0.5519,0.138649,0.138649
0.55195,0.138642,0.138642
0.552,0.138634,0.138634
0.55205,0.138626,0.138626
0.5521,0.138619,0.138619
0.55215,0.138611,0.138611
0.5522,0.138603,0.138603
0.55225,0.138596,0.138596
0.5523,0.138588,0.138588
0.55235,0.138581,0.138581
0.5524,0.138573,0.138573
0.55245,0.138565,0.138565
0.5525,0.138558,0.138558
0.55255,0.13855,0.13855
0.5526,0.138542,0.138542
0.55265,0.138535,0.138535
0.5527,0.138527,0.138527
0.55275,0.138519,0.138519
0.5528,0.138512,0.138512
0.55285,0.138504,0.138504
0.5529,0.138497,0.138497
0.55295,0.138489,0.138489
0.553,0.138481,0.138481
0.55305,0.138474,0.138474
0.5531,0.138466,0.138466
0.55315,0.138458,0.138458
0.5532,0.138451,0.138451
0.55325,0.138443,0.138443
0.5533,0.138435,0.138435
0.55335,0.138428,0.138428
0.5534,0.13842,0.13842
0.55345,0.138412,0.138412
0.5535,0.138405,0.138405
0.55355,0.138397,0.138397
0.5536,0.138389,0.138389
0.55365,0.138382,0.138382
0.5537,0.138374,0.138374
0.55375,0.138366,0.138366
0.5538,0.138359,0.138359
0.55385,0.138351,0.138351
0.5539,0.138343,0.138343
0.55395,0.138336,0.138336
0.554,0.138328,0.138328
0.55405,0.13832,0.13832
0.5541,0.138313,0.138313
0.55415,0.138305,0.138305
0.5542,0.138297,0.138297
0.55425,0.13829,0.13829
0.5543,0.138282,0.138282
0.55435,0.138274,0.138274
0.5544,0.138267,0.138267
0.55445,0.138259,0.138259
0.5545,0.138251,0.138251
0.55455,0.138244,0.138244
0.5546,0.138236,0.138236
0.55465,0.138228,0.138228
0.5547,0.138221,0.138221
0.55475,0.138213,0.138213
0.5548,0.138205,0.138205
0.55485,0.138197,0.138197
0.5549,0.13819,0.13819
0.55495,0.138182,0.138182
0.555,0.138174,0.138174
0.55505,0.138167,0.138167
0.5551,0.138159,0.138159
0.55515,0.138151,0.138151
0.5552,0.138144,0.138144
0.55525,0.138136,0.138136
0.5553,0.138128,0.138128
0.55535,0.13812,0.13812
0.5554,0.138113,0.138113
0.55545,0.138105,0.138105
0.5555,0.138097,0.138097
0.55555,0.13809,0.13809
0.5556,0.138082,0.138082
0.55565,0.138074,0.138074
0.5557,0.138066,0.138066
0.55575,0.138059,0.138059
0.5558,0.138051,0.138051
0.55585,0.138043,0.138043
0.5559,0.138036,0.138036
0.55595,0.138028,0.138028
0.556,0.13802,0.13802
0.55605,0.138012,0.138012
0.5561,0.138005,0.138005
0.55615,0.137997,0.137997
0.5562,0.137989,0.137989
0.55625,0.137981,0.137981
0.5563,0.137974,0.137974
0.55635,0.137966,0.137966
0.5564,0.137958,0.137958
0.55645,0.13795,0.13795
0.5565,0.137943,0.137943
0.55655,0.137935,0.137935
0.5566,0.137927,0.137927
0.55665,0.137919,0.137919
0.5567,0.137912,0.137912
0.55675,0.137904,0.137904
0.5568,0.137896,0.137896
0.55685,0.137888,0.137888
0.5569,0.137881,0.137881
0.55695,0.137873,0.137873
0.557,0.137865,0.137865
0.55705,0.137857,0.137857
0.5571,0.13785,0.13785
0.55715,0.137842,0.137842
0.5572,0.137834,0.137834
0.55725,0.137826,0.137826
0.5573,0.137819,0.137819
0.55735,0.137811,0.137811
0.5574,0.137803,0.137803
0.55745,0.137795,0.137795
0.5575,0.137788,0.137788
0.55755,0.13778,0.13778
0.5576,0.137772,0.137772
0.55765,0.137764,0.137764
0.5577,0.137756,0.137756
0.55775,0.137749,0.137749
0.5578,0.137741,0.137741
0.55785,0.137733,0.137733
0.5579,0.137725,0.137725
0.55795,0.137718,0.137718
0.558,0.13771,0.13771
0.55805,0.137702,0.137702
0.5581,0.137694,0.137694
0.55815,0.137686,0.137686
0.5582,0.137679,0.137679
0.55825,0.137671,0.137671
0.5583,0.137663,0.137663
0.55835,0.137655,0.137655
0.5584,0.137647,0.137647
0.55845,0.13764,0.13764
0.5585,0.137632,0.137632
0.55855,0.137624,0.137624
0.5586,0.137616,0.137616
0.55865,0.137609,0.137609
0.5587,0.137601,0.137601
0.55875,0.137593,0.137593
0.5588,0.137585,0.137585
0.55885,0.137577,0.137577
0.5589,0.137569,0.137569
0.55895,0.137562,0.137562
0.559,0.137554,0.137554
0.55905,0.137546,0.137546
0.5591,0.137538,0.137538
0.55915,0.13753,0.13753
0.5592,0.137523,0.137523
0.55925,0.137515,0.137515
0.5593,0.137507,0.137507
0.55935,0.137499,0.137499
0.5594,0.137491,0.137491
0.55945,0.137483,0.137483
0.5595,0.137476,0.137476
0.55955,0.137468,0.137468
0.5596,0.13746,0.13746
0.55965,0.137452,0.137452
0.5597,0.137444,0.137444
0.55975,0.137437,0.137437
0.5598,0.137429,0.137429
0.55985,0.137421,0.137421
0.5599,0.137413,0.137413
0.55995,0.137405,0.137405
0.56,0.137397,0.137397
0.56005,0.137389,0.137389
0.5601,0.137382,0.137382
0.56015,0.137374,0.137374
0.5602,0.137366,0.137366
0.56025,0.137358,0.137358
0.5603,0.13735,0.13735
0.56035,0.137342,0.137342
0.5604,0.137335,0.137335
0.56045,0.137327,0.137327
0.5605,0.137319,0.137319
0.56055,0.137311,0.137311
0.5606,0.137303,0.137303
0.56065,0.137295,0.137295
0.5607,0.137287,0.137287
0.56075,0.13728,0.13728
0.5608,0.137272,0.137272
0.56085,0.137264,0.137264
0.5609,0.137256,0.137256
0.56095,0.137248,0.137248
0.561,0.13724,0.13724
0.56105,0.137232,0.137232
0.5611,0.137225,0.137225
0.56115,0.137217,0.137217
0.5612,0.137209,0.137209
0.56125,0.137201,0.137201
0.5613,0.137193,0.137193
0.56135,0.137185,0.137185
0.5614,0.137177,0.137177
0.56145,0.137169,0.137169
0.5615,0.137162,0.137162
0.56155,0.137154,0.137154
0.5616,0.137146,0.137146
0.56165,0.137138,0.137138
0.5617,0.13713,0.13713
0.56175,0.137122,0.137122
0.5618,0.137114,0.137114
0.56185,0.137106,0.137106
0.5619,0.137098,0.137098
0.56195,0.137091,0.137091
0.562,0.137083,0.137083
0.56205,0.137075,0.137075
0.5621,0.137067,0.137067
0.56215,0.137059,0.137059
0.5622,0.137051,0.137051
0.56225,0.137043,0.137043
0.5623,0.137035,0.137035
0.56235,0.137027,0.137027
0.5624,0.137019,0.137019
0.56245,0.137011,0.137011
0.5625,0.137004,0.137004
0.56255,0.136996,0.136996
0.5626,0.136988,0.136988
0.56265,0.13698,0.13698
0.5627,0.136972,0.136972
0.56275,0.136964,0.136964
0.5628,0.136956,0.136956
0.56285,0.136948,0.136948
0.5629,0.13694,0.13694
0.56295,0.136932,0.136932
0.563,0.136924,0.136924
0.56305,0.136916,0.136916
0.5631,0.136909,0.136909
0.56315,0.136901,0.136901
0.5632,0.136893,0.136893
0.56325,0.136885,0.136885
0.5633,0.136877,0.136877
0.56335,0.136869,0.136869
0.5634,0.136861,0.136861
0.56345,0.136853,0.136853
0.5635,0.136845,0.136845
0.56355,0.136837,0.136837
0.5636,0.136829,0.136829
0.56365,0.136821,0.136821
0.5637,0.136813,0.136813
0.56375,0.136805,0.136805
0.5638,0.136797,0.136797
0.56385,0.136789,0.136789
0.5639,0.136782,0.136782
0.56395,0.136774,0.136774
0.564,0.136766,0.136766
0.56405,0.136758,0.136758
0.5641,0.13675,0.13675
0.56415,0.136742,0.136742
0.5642,0.136734,0.136734
0.56425,0.136726,0.136726
0.5643,0.136718,0.136718
0.56435,0.13671,0.13671
0.5644,0.136702,0.136702
0.56445,0.136694,0.136694
0.5645,0.136686,0.136686
0.56455,0.136678,0.136678
0.5646,0.13667,0.13667
0.56465,0.136662,0.136662
0.5647,0.136654,0.136654
0.56475,0.136646,0.136646
0.5648,0.136638,0.136638
0.56485,0.13663,0.13663
0.5649,0.136622,0.136622
0.56495,0.136614,0.136614
0.565,0.136606,0.136606
0.56505,0.136598,0.136598
0.5651,0.13659,0.13659
0.56515,0.136582,0.136582
0.5652,0.136574,0.136574
0.56525,0.136566,0.136566
0.5653,0.136558,0.136558
0.56535,0.13655,0.13655
0.5654,0.136542,0.136542
0.56545,0.136534,0.136534
0.5655,0.136526,0.136526
0.56555,0.136518,0.136518
0.5656,0.13651,0.13651
0.56565,0.136502,0.136502
0.5657,0.136494,0.136494
0.56575,0.136486,0.136486
0.5658,0.136478,0.136478
0.56585,0.13647,0.13647
0.5659,0.136462,0.136462
0.56595,0.136454,0.136454
0.566,0.136446,0.136446
0.56605,0.136438,0.136438
0.5661,0.13643,0.13643
0.56615,0.136422,0.136422
0.5662,0.136414,0.136414
0.56625,0.136406,0.136406
0.5663,0.136398,0.136398
0.56635,0.13639,0.13639
0.5664,0.136382,0.136382
0.56645,0.136374,0.136374
0.5665,0.136366,0.136366
0.56655,0.136358,0.136358
0.5666,0.13635,0.13635
0.56665,0.136342,0.136342
0.5667,0.136334,0.136334
0.56675,0.136326,0.136326
0.5668,0.136318,0.136318
0.56685,0.13631,0.13631
0.5669,0.136302,0.136302
0.56695,0.136294,0.136294
0.567,0.136286,0.136286
0.56705,0.136278,0.136278
0.5671,0.13627,0.13627
0.56715,0.136262,0.136262
0.5672,0.136254,0.136254
0.56725,0.136246,0.136246
0.5673,0.136238,0.136238
0.56735,0.13623,0.13623
0.5674,0.136222,0.136222
0.56745,0.136214,0.136214
0.5675,0.136206,0.136206
0.56755,0.136197,0.136197
0.5676,0.136189,0.136189
0.56765,0.136181,0.136181
0.5677,0.136173,0.136173
0.56775,0.136165,0.136165
0.5678,0.136157,0.136157
0.56785,0.136149,0.136149
0.5679,0.136141,0.136141
0.56795,0.136133,0.136133
0.568,0.136125,0.136125
0.56805,0.136117,0.136117
0.5681,0.136109,0.136109
0.56815,0.136101,0.136101
0.5682,0.136093,0.136093
0.56825,0.136085,0.136085
0.5683,0.136077,0.136077
0.56835,0.136068,0.136068
0.5684,0.13606,0.13606
0.56845,0.136052,0.136052
0.5685,0.136044,0.136044
0.56855,0.136036,0.136036
0.5686,0.136028,0.136028
0.56865,0.13602,0.13602
0.5687,0.136012,0.136012
0.56875,0.136004,0.136004
0.5688,0.135996,0.135996
0.56885,0.135988,0.135988
0.5689,0.13598,0.13598
0.56895,0.135971,0.135971
0.569,0.135963,0.135963
0.56905,0.135955,0.135955
0.5691,0.135947,0.135947
0.56915,0.135939,0.135939
0.5692,0.135931,0.135931
0.56925,0.135923,0.135923
0.5693,0.135915,0.135915
0.56935,0.135907,0.135907
0.5694,0.135899,0.135899
0.56945,0.13589,0.13589
0.5695,0.135882,0.135882
0.56955,0.135874,0.135874
0.5696,0.135866,0.135866
0.56965,0.135858,0.135858
0.5697,0.13585,0.13585
0.56975,0.135842,0.135842
0.5698,0.135834,0.135834
0.56985,0.135826,0.135826
0.5699,0.135817,0.135817
0.56995,0.135809,0.135809
0.57,0.135801,0.135801
0.57005,0.135793,0.135793
0.5701,0.135785,0.135785
0.57015,0.135777,0.135777
0.5702,0.135769,0.135769
0.57025,0.135761,0.135761
0.5703,0.135752,0.135752
0.57035,0.135744,0.135744
0.5704,0.135736,0.135736
0.57045,0.135728,0.135728
0.5705,0.13572,0.13572
0.57055,0.135712,0.135712
0.5706,0.135704,0.135704
0.57065,0.135695,0.135695
0.5707,0.135687,0.135687
0.57075,0.135679,0.135679
0.5708,0.135671,0.135671
0.57085,0.135663,0.135663
0.5709,0.135655,0.135655
0.57095,0.135647,0.135647
0.571,0.135638,0.135638
0.57105,0.13563,0.13563
0.5711,0.135622,0.135622
0.57115,0.135614,0.135614
0.5712,0.135606,0.135606
0.57125,0.135598,0.135598
0.5713,0.135589,0.135589
0.57135,0.135581,0.135581
0.5714,0.135573,0.135573
0.57145,0.135565,0.135565
0.5715,0.135557,0.135557
0.57155,0.135549,0.135549
0.5716,0.135541,0.135541
0.57165,0.135532,0.135532
0.5717,0.135524,0.135524
0.57175,0.135516,0.135516
0.5718,0.135508,0.135508
0.57185,0.1355,0.1355
0.5719,0.135491,0.135491
0.57195,0.135483,0.135483
0.572,0.135475,0.135475
0.57205,0.135467,0.135467
0.5721,0.135459,0.135459
0.57215,0.135451,0.135451
0.5722,0.135442,0.135442
0.57225,0.135434,0.135434
0.5723,0.135426,0.135426
0.57235,0.135418,0.135418
0.5724,0.13541,0.13541
0.57245,0.135401,0.135401
0.5725,0.135393,0.135393
0.57255,0.135385,0.135385
0.5726,0.135377,0.135377
0.57265,0.135369,0.135369
0.5727,0.13536,0.13536
0.57275,0.135352,0.135352
0.5728,0.135344,0.135344
0.57285,0.135336,0.135336
0.5729,0.135328,0.135328
0.57295,0.135319,0.135319
0.573,0.135311,0.135311
0.57305,0.135303,0.135303
0.5731,0.135295,0.135295
0.57315,0.135287,0.135287
0.5732,0.135278,0.135278
0.57325,0.13527,0.13527
0.5733,0.135262,0.135262
0.57335,0.135254,0.135254
0.5734,0.135246,0.135246
0.57345,0.135237,0.135237
0.5735,0.135229,0.135229
0.57355,0.135221,0.135221
0.5736,0.135213,0.135213
0.57365,0.135204,0.135204
0.5737,0.135196,0.135196
0.57375,0.135188,0.135188
0.5738,0.13518,0.13518
0.57385,0.135171,0.135172
0.5739,0.135163,0.135163
0.57395,0.135155,0.135155
0.574,0.135147,0.135147
0.57405,0.135139,0.135139
0.5741,0.13513,0.13513
0.57415,0.135122,0.135122
0.5742,0.135114,0.135114
0.57425,0.135106,0.135106
0.5743,0.135097,0.135097
0.57435,0.135089,0.135089
0.5744,0.135081,0.135081
0.57445,0.135073,0.135073
0.5745,0.135064,0.135064
0.57455,0.135056,0.135056
0.5746,0.135048,0.135048
0.57465,0.13504,0.13504
0.5747,0.135031,0.135031
0.57475,0.135023,0.135023
0.5748,0.135015,0.135015
0.57485,0.135007,0.135007
0.5749,0.134998,0.134998
0.57495,0.13499,0.13499
0.575,0.134982,0.134982
0.57505,0.134974,0.134974
0.5751,0.134965,0.134965
0.57515,0.134957,0.134957
0.5752,0.134949,0.134949
0.57525,0.13494,0.13494
0.5753,0.134932,0.134932
0.57535,0.134924,0.134924
0.5754,0.134916,0.134916
0.57545,0.134907,0.134907
0.5755,0.134899,0.134899
0.57555,0.134891,0.134891
0.5756,0.134882,0.134882
0.57565,0.134874,0.134874
0.5757,0.134866,0.134866
0.57575,0.134858,0.134858
0.5758,0.134849,0.134849
0.57585,0.134841,0.134841
0.5759,0.134833,0.134833
0.57595,0.134824,0.134824
0.576,0.134816,0.134816
0.57605,0.134808,0.134808
0.5761,0.1348,0.1348
0.57615,0.134791,0.134791
0.5762,0.134783,0.134783
0.57625,0.134775,0.134775
0.5763,0.134766,0.134766
0.57635,0.134758,0.134758
0.5764,0.13475,0.13475
0.57645,0.134741,0.134741
0.5765,0.134733,0.134733
0.57655,0.134725,0.134725
0.5766,0.134717,0.134717
0.57665,0.134708,0.134708
0.5767,0.1347,0.1347
0.57675,0.134692,0.134692
0.5768,0.134683,0.134683
0.57685,0.134675,0.134675
0.5769,0.134667,0.134667
0.57695,0.134658,0.134658
0.577,0.13465,0.13465
0.57705,0.134642,0.134642
0.5771,0.134633,0.134633
0.57715,0.134625,0.134625
0.5772,0.134617,0.134617
0.57725,0.134608,0.134608
0.5773,0.1346,0.1346
0.57735,0.134592,0.134592
0.5774,0.134583,0.134583
0.57745,0.134575,0.134575
0.5775,0.134567,0.134567
0.57755,0.134558,0.134558
0.5776,0.13455,0.13455
0.57765,0.134542,0.134542
0.5777,0.134533,0.134533
0.57775,0.134525,0.134525
0.5778,0.134517,0.134517
0.57785,0.134508,0.134508
0.5779,0.1345,0.1345
0.57795,0.134492,0.134492
0.578,0.134483,0.134483
0.57805,0.134475,0.134475
0.5781,0.134467,0.134467
0.57815,0.134458,0.134458
0.5782,0.13445,0.13445
0.57825,0.134441,0.134441
0.5783,0.134433,0.134433
0.57835,0.134425,0.134425
0.5784,0.134416,0.134416
0.57845,0.134408,0.134408
0.5785,0.1344,0.1344
0.57855,0.134391,0.134391
0.5786,0.134383,0.134383
0.57865,0.134375,0.134375
0.5787,0.134366,0.134366
0.57875,0.134358,0.134358
0.5788,0.134349,0.134349
0.57885,0.134341,0.134341
0.5789,0.134333,0.134333
0.57895,0.134324,0.134324
0.579,0.134316,0.134316
0.57905,0.134308,0.134308
0.5791,0.134299,0.134299
0.57915,0.134291,0.134291
0.5792,0.134282,0.134282
0.57925,0.134274,0.134274
0.5793,0.134266,0.134266
0.57935,0.134257,0.134257
0.5794,0.134249,0.134249
0.57945,0.13424,0.13424
0.5795,0.134232,0.134232
0.57955,0.134224,0.134224
0.5796,0.134215,0.134215
0.57965,0.134207,0.134207
0.5797,0.134198,0.134198
0.57975,0.13419,0.13419
0.5798,0.134182,0.134182
0.57985,0.134173,0.134173
0.5799,0.134165,0.134165
0.57995,0.134156,0.134156
0.58,0.134148,0.134148
0.58005,0.13414,0.13414
0.5801,0.134131,0.134131
0.58015,0.134123,0.134123
0.5802,0.134114,0.134114
0.58025,0.134106,0.134106
0.5803,0.134098,0.134098
0.58035,0.134089,0.134089
0.5804,0.134081,0.134081
0.58045,0.134072,0.134072
0.5805,0.134064,0.134064
0.58055,0.134055,0.134055
0.5806,0.134047,0.134047
0.58065,0.134039,0.134039
0.5807,0.13403,0.13403
0.58075,0.134022,0.134022
0.5808,0.134013,0.134013
0.58085,0.134005,0.134005
0.5809,0.133996,0.133996
0.58095,0.133988,0.133988
0.581,0.13398,0.13398
0.58105,0.133971,0.133971
0.5811,0.133963,0.133963
0.58115,0.133954,0.133954
0.5812,0.133946,0.133946
0.58125,0.133937,0.133937
0.5813,0.133929,0.133929
0.58135,0.13392,0.13392
0.5814,0.133912,0.133912
0.58145,0.133903,0.133903
0.5815,0.133895,0.133895
0.58155,0.133887,0.133887
0.5816,0.133878,0.133878
0.58165,0.13387,0.13387
0.5817,0.133861,0.133861
0.58175,0.133853,0.133853
0.5818,0.133844,0.133844
0.58185,0.133836,0.133836
0.5819,0.133827,0.133827
0.58195,0.133819,0.133819
0.582,0.13381,0.13381
0.58205,0.133802,0.133802
0.5821,0.133793,0.133793
0.58215,0.133785,0.133785
0.5822,0.133777,0.133777
0.58225,0.133768,0.133768
0.5823,0.13376,0.13376
0.58235,0.133751,0.133751
0.5824,0.133743,0.133743
0.58245,0.133734,0.133734
0.5825,0.133726,0.133726
0.58255,0.133717,0.133717
0.5826,0.133709,0.133709
0.58265,0.1337,0.1337
0.5827,0.133692,0.133692
0.58275,0.133683,0.133683
0.5828,0.133675,0.133675
0.58285,0.133666,0.133666
0.5829,0.133658,0.133658
0.58295,0.133649,0.133649
0.583,0.133641,0.133641
0.58305,0.133632,0.133632
0.5831,0.133624,0.133624
0.58315,0.133615,0.133615
0.5832,0.133607,0.133607
0.58325,0.133598,0.133598
0.5833,0.13359,0.13359
0.58335,0.133581,0.133581
0.5834,0.133573,0.133573
0.58345,0.133564,0.133564
0.5835,0.133556,0.133556
0.58355,0.133547,0.133547
0.5836,0.133539,0.133539
0.58365,0.13353,0.13353
0.5837,0.133522,0.133522
0.58375,0.133513,0.133513
0.5838,0.133505,0.133505
0.58385,0.133496,0.133496
0.5839,0.133488,0.133488
0.58395,0.133479,0.133479
0.584,0.133471,0.133471
0.58405,0.133462,0.133462
0.5841,0.133453,0.133453
0.58415,0.133445,0.133445
0.5842,0.133436,0.133436
0.58425,0.133428,0.133428
0.5843,0.133419,0.133419
0.58435,0.133411,0.133411
0.5844,0.133402,0.133402
0.58445,0.133394,0.133394
0.5845,0.133385,0.133385
0.58455,0.133377,0.133377
0.5846,0.133368,0.133368
0.58465,0.13336,0.13336
0.5847,0.133351,0.133351
0.58475,0.133342,0.133342
0.5848,0.133334,0.133334
0.58485,0.133325,0.133325
0.5849,0.133317,0.133317
0.58495,0.133308,0.133308
0.585,0.1333,0.1333
0.58505,0.133291,0.133291
0.5851,0.133283,0.133283
0.58515,0.133274,0.133274
0.5852,0.133265,0.133265
0.58525,0.133257,0.133257
0.5853,0.133248,0.133248
0.58535,0.13324,0.13324
0.5854,0.133231,0.133231
0.58545,0.133223,0.133223
0.5855,0.133214,0.133214
0.58555,0.133206,0.133206
0.5856,0.133197,0.133197
0.58565,0.133188,0.133188
0.5857,0.13318,0.13318
0.58575,0.133171,0.133171
0.5858,0.133163,0.133163
0.58585,0.133154,0.133154
0.5859,0.133145,0.133145
0.58595,0.133137,0.133137
0.586,0.133128,0.133128
0.58605,0.13312,0.13312
0.5861,0.133111,0.133111
0.58615,0.133103,0.133103
0.5862,0.133094,0.133094
0.58625,0.133085,0.133085
0.5863,0.133077,0.133077
0.58635,0.133068,0.133068
0.5864,0.13306,0.13306
0.58645,0.133051,0.133051
0.5865,0.133042,0.133042
0.58655,0.133034,0.133034
0.5866,0.133025,0.133025
0.58665,0.133017,0.133017
0.5867,0.133008,0.133008
0.58675,0.132999,0.132999
0.5868,0.132991,0.132991
0.58685,0.132982,0.132982
0.5869,0.132974,0.132974
0.58695,0.132965,0.132965
0.587,0.132956,0.132956
0.58705,0.132948,0.132948
0.5871,0.132939,0.132939
0.58715,0.13293,0.13293
0.5872,0.132922,0.132922
0.58725,0.132913,0.132913
0.5873,0.132905,0.132905
0.58735,0.132896,0.132896
0.5874,0.132887,0.132887
0.58745,0.132879,0.132879
0.5875,0.13287,0.13287
0.58755,0.132861,0.132861
0.5876,0.132853,0.132853
0.58765,0.132844,0.132844
0.5877,0.132836,0.132836
0.58775,0.132827,0.132827
0.5878,0.132818,0.132818
0.58785,0.13281,0.13281
0.5879,0.132801,0.132801
0.58795,0.132792,0.132792
0.588,0.132784,0.132784
0.58805,0.132775,0.132775
0.5881,0.132766,0.132766
0.58815,0.132758,0.132758
0.5882,0.132749,0.132749
0.58825,0.132741,0.132741
0.5883,0.132732,0.132732
0.58835,0.132723,0.132723
0.5884,0.132715,0.132715
0.58845,0.132706,0.132706
0.5885,0.132697,0.132697
0.58855,0.132689,0.132689
0.5886,0.13268,0.13268
0.58865,0.132671,0.132671
0.5887,0.132663,0.132663
0.58875,0.132654,0.132654
0.5888,0.132645,0.132645
0.58885,0.132637,0.132637
0.5889,0.132628,0.132628
0.58895,0.132619,0.132619
0.589,0.132611,0.132611
0.58905,0.132602,0.132602
0.5891,0.132593,0.132593
0.58915,0.132585,0.132585
0.5892,0.132576,0.132576
0.58925,0.132567,0.132567
0.5893,0.132559,0.132559
0.58935,0.13255,0.13255
0.5894,0.132541,0.132541
0.58945,0.132532,0.132532
0.5895,0.132524,0.132524
0.58955,0.132515,0.132515
0.5896,0.132506,0.132506
0.58965,0.132498,0.132498
0.5897,0.132489,0.132489
0.58975,0.13248,0.13248
0.5898,0.132472,0.132472
0.58985,0.132463,0.132463
0.5899,0.132454,0.132454
0.58995,0.132446,0.132446
0.59,0.132437,0.132437
0.59005,0.132428,0.132428
0.5901,0.132419,0.132419
0.59015,0.132411,0.132411
0.5902,0.132402,0.132402
0.59025,0.132393,0.132393
0.5903,0.132385,0.132385
0.59035,0.132376,0.132376
0.5904,0.132367,0.132367
0.59045,0.132358,0.132358
0.5905,0.13235,0.13235
0.59055,0.132341,0.132341
0.5906,0.132332,0.132332
0.59065,0.132324,0.132324
0.5907,0.132315,0.132315
0.59075,0.132306,0.132306
0.5908,0.132297,0.132297
0.59085,0.132289,0.132289
0.5909,0.13228,0.13228
0.59095,0.132271,0.132271
0.591,0.132262,0.132262
0.59105,0.132254,0.132254
0.5911,0.132245,0.132245
0.59115,0.132236,0.132236
0.5912,0.132228,0.132228
0.59125,0.132219,0.132219
0.5913,0.13221,0.13221
0.59135,0.132201,0.132201
0.5914,0.132193,0.132193
0.59145,0.132184,0.132184
0.5915,0.132175,0.132175
0.59155,0.132166,0.132166
0.5916,0.132158,0.132158
0.59165,0.132149,0.132149
0.5917,0.13214,0.13214
0.59175,0.132131,0.132131
0.5918,0.132123,0.132123
0.59185,0.132114,0.132114
0.5919,0.132105,0.132105
0.59195,0.132096,0.132096
0.592,0.132088,0.132088
0.59205,0.132079,0.132079
0.5921,0.13207,0.13207
0.59215,0.132061,0.132061
0.5922,0.132052,0.132052
0.59225,0.132044,0.132044
0.5923,0.132035,0.132035
0.59235,0.132026,0.132026
0.5924,0.132017,0.132017
0.59245,0.132009,0.132009
0.5925,0.132,0.132
0.59255,0.131991,0.131991
0.5926,0.131982,0.131982
0.59265,0.131974,0.131974
0.5927,0.131965,0.131965
0.59275,0.131956,0.131956
0.5928,0.131947,0.131947
0.59285,0.131938,0.131938
0.5929,0.13193,0.13193
0.59295,0.131921,0.131921
0.593,0.131912,0.131912
0.59305,0.131903,0.131903
0.5931,0.131894,0.131894
0.59315,0.131886,0.131886
0.5932,0.131877,0.131877
0.59325,0.131868,0.131868
0.5933,0.131859,0.131859
0.59335,0.13185,0.13185
0.5934,0.131842,0.131842
0.59345,0.131833,0.131833
0.5935,0.131824,0.131824
0.59355,0.131815,0.131815
0.5936,0.131806,0.131806
0.59365,0.131798,0.131798
0.5937,0.131789,0.131789
0.59375,0.13178,0.13178
0.5938,0.131771,0.131771
0.59385,0.131762,0.131762
0.5939,0.131754,0.131754
0.59395,0.131745,0.131745
0.594,0.131736,0.131736
0.59405,0.131727,0.131727
0.5941,0.131718,0.131718
0.59415,0.131709,0.131709
0.5942,0.131701,0.131701
0.59425,0.131692,0.131692
0.5943,0.131683,0.131683
0.59435,0.131674,0.131674
0.5944,0.131665,0.131665
0.59445,0.131656,0.131656
0.5945,0.131648,0.131648
0.59455,0.131639,0.131639
0.5946,0.13163,0.13163
0.59465,0.131621,0.131621
0.5947,0.131612,0.131612
0.59475,0.131603,0.131603
0.5948,0.131595,0.131595
0.59485,0.131586,0.131586
0.5949,0.131577,0.131577
0.59495,0.131568,0.131568
0.595,0.131559,0.131559
0.59505,0.13155,0.13155
0.5951,0.131541,0.131541
0.59515,0.131533,0.131533
0.5952,0.131524,0.131524
0.59525,0.131515,0.131515
0.5953,0.131506,0.131506
0.59535,0.131497,0.131497
0.5954,0.131488,0.131488
0.59545,0.131479,0.131479
0.5955,0.131471,0.131471
0.59555,0.131462,0.131462
0.5956,0.131453,0.131453
0.59565,0.131444,0.131444
0.5957,0.131435,0.131435
0.59575,0.131426,0.131426
0.5958,0.131417,0.131417
0.59585,0.131409,0.131409
0.5959,0.1314,0.1314
0.59595,0.131391,0.131391
0.596,0.131382,0.131382
0.59605,0.131373,0.131373
0.5961,0.131364,0.131364
0.59615,0.131355,0.131355
0.5962,0.131346,0.131346
0.59625,0.131337,0.131337
0.5963,0.131329,0.131329
0.59635,0.13132,0.13132
0.5964,0.131311,0.131311
0.59645,0.131302,0.131302
0.5965,0.131293,0.131293
0.59655,0.131284,0.131284
0.5966,0.131275,0.131275
0.59665,0.131266,0.131266
0.5967,0.131257,0.131257
0.59675,0.131249,0.131249
0.5968,0.13124,0.13124
0.59685,0.131231,0.131231
0.5969,0.131222,0.131222
0.59695,0.131213,0.131213
0.597,0.131204,0.131204
0.59705,0.131195,0.131195
0.5971,0.131186,0.131186
0.59715,0.131177,0.131177
0.5972,0.131168,0.131168
0.59725,0.131159,0.131159
0.5973,0.13115,0.13115
0.59735,0.131142,0.131142
0.5974,0.131133,0.131133
0.59745,0.131124,0.131124
0.5975,0.131115,0.131115
0.59755,0.131106,0.131106
0.5976,0.131097,0.131097
0.59765,0.131088,0.131088
0.5977,0.131079,0.131079
0.59775,0.13107,0.13107
0.5978,0.131061,0.131061
0.59785,0.131052,0.131052
0.5979,0.131043,0.131043
0.59795,0.131034,0.131034
0.598,0.131025,0.131025
0.59805,0.131017,0.131017
0.5981,0.131008,0.131008
0.59815,0.130999,0.130999
0.5982,0.13099,0.13099
0.59825,0.130981,0.130981
0.5983,0.130972,0.130972
0.59835,0.130963,0.130963
0.5984,0.130954,0.130954
0.59845,0.130945,0.130945
0.5985,0.130936,0.130936
0.59855,0.130927,0.130927
0.5986,0.130918,0.130918
0.59865,0.130909,0.130909
0.5987,0.1309,0.1309
0.59875,0.130891,0.130891
0.5988,0.130882,0.130882
0.59885,0.130873,0.130873
0.5989,0.130864,0.130864
0.59895,0.130855,0.130855
0.599,0.130846,0.130846
0.59905,0.130837,0.130837
0.5991,0.130828,0.130828
0.59915,0.130819,0.130819
0.5992,0.13081,0.13081
0.59925,0.130801,0.130801
0.5993,0.130793,0.130793
0.59935,0.130784,0.130784
0.5994,0.130775,0.130775
0.59945,0.130766,0.130766
0.5995,0.130757,0.130757
0.59955,0.130748,0.130748
0.5996,0.130739,0.130739
0.59965,0.13073,0.13073
0.5997,0.130721,0.130721
0.59975,0.130712,0.130712
0.5998,0.130703,0.130703
0.59985,0.130694,0.130694
0.5999,0.130685,0.130685
0.59995,0.130676,0.130676
0.6,0.130667,0.130667
0.60005,0.130658,0.130658
0.6001,0.130649,0.130649
0.60015,0.13064,0.13064
0.6002,0.130631,0.130631
0.60025,0.130622,0.130622
0.6003,0.130613,0.130613
0.60035,0.130604,0.130604
0.6004,0.130595,0.130595
0.60045,0.130586,0.130586
0.6005,0.130577,0.130577
0.60055,0.130568,0.130568
0.6006,0.130559,0.130559
0.60065,0.13055,0.13055
0.6007,0.130541,0.130541
0.60075,0.130531,0.130531
0.6008,0.130522,0.130522
0.60085,0.130513,0.130513
0.6009,0.130504,0.130504
0.60095,0.130495,0.130495
0.601,0.130486,0.130486
0.60105,0.130477,0.130477
0.6011,0.130468,0.130468
0.60115,0.130459,0.130459
0.6012,0.13045,0.13045
0.60125,0.130441,0.130441
0.6013,0.130432,0.130432
0.60135,0.130423,0.130423
0.6014,0.130414,0.130414
0.60145,0.130405,0.130405
0.6015,0.130396,0.130396
0.60155,0.130387,0.130387
0.6016,0.130378,0.130378
0.60165,0.130369,0.130369
0.6017,0.13036,0.13036
0.60175,0.130351,0.130351
0.6018,0.130342,0.130342
0.60185,0.130333,0.130333
0.6019,0.130324,0.130324
0.60195,0.130315,0.130315
0.602,0.130305,0.130305
0.60205,0.130296,0.130296
0.6021,0.130287,0.130287
0.60215,0.130278,0.130278
0.6022,0.130269,0.130269
0.60225,0.13026,0.13026
0.6023,0.130251,0.130251
0.60235,0.130242,0.130242
0.6024,0.130233,0.130233
0.60245,0.130224,0.130224
0.6025,0.130215,0.130215
0.60255,0.130206,0.130206
0.6026,0.130197,0.130197
0.60265,0.130188,0.130188
0.6027,0.130178,0.130178
0.60275,0.130169,0.130169
0.6028,0.13016,0.13016
0.60285,0.130151,0.130151
0.6029,0.130142,0.130142
0.60295,0.130133,0.130133
0.603,0.130124,0.130124
0.60305,0.130115,0.130115
0.6031,0.130106,0.130106
0.60315,0.130097,0.130097
0.6032,0.130088,0.130088
0.60325,0.130078,0.130078
0.6033,0.130069,0.130069
0.60335,0.13006,0.13006
0.6034,0.130051,0.130051
0.60345,0.130042,0.130042
0.6035,0.130033,0.130033
0.60355,0.130024,0.130024
0.6036,0.130015,0.130015
0.60365,0.130006,0.130006
0.6037,0.129997,0.129997
0.60375,0.129987,0.129987
0.6038,0.129978,0.129978
0.60385,0.129969,0.129969
0.6039,0.12996,0.12996
0.60395,0.129951,0.129951
0.604,0.129942,0.129942
0.60405,0.129933,0.129933
0.6041,0.129924,0.129924
0.60415,0.129914,0.129914
0.6042,0.129905,0.129905
0.60425,0.129896,0.129896
0.6043,0.129887,0.129887
0.60435,0.129878,0.129878
0.6044,0.129869,0.129869
0.60445,0.12986,0.12986
0.6045,0.129851,0.129851
0.60455,0.129841,0.129841
0.6046,0.129832,0.129832
0.60465,0.129823,0.129823
0.6047,0.129814,0.129814
0.60475,0.129805,0.129805
0.6048,0.129796,0.129796
0.60485,0.129787,0.129787
0.6049,0.129777,0.129777
0.60495,0.129768,0.129768
0.605,0.129759,0.129759
0.60505,0.12975,0.12975
0.6051,0.129741,0.129741
0.60515,0.129732,0.129732
0.6052,0.129723,0.129723
0.60525,0.129713,0.129713
0.6053,0.129704,0.129704
0.60535,0.129695,0.129695
0.6054,0.129686,0.129686
0.60545,0.129677,0.129677
0.6055,0.129668,0.129668
0.60555,0.129658,0.129658
0.6056,0.129649,0.129649
0.60565,0.12964,0.12964
0.6057,0.129631,0.129631
0.60575,0.129622,0.129622
0.6058,0.129613,0.129613
0.60585,0.129603,0.129603
0.6059,0.129594,0.129594
0.60595,0.129585,0.129585
0.606,0.129576,0.129576
0.60605,0.129567,0.129567
0.6061,0.129557,0.129557
0.60615,0.129548,0.129548
0.6062,0.129539,0.129539
0.60625,0.12953,0.12953
0.6063,0.129521,0.129521
0.60635,0.129512,0.129512
0.6064,0.129502,0.129502
0.60645,0.129493,0.129493
0.6065,0.129484,0.129484
0.60655,0.129475,0.129475
0.6066,0.129466,0.129466
0.60665,0.129456,0.129456
0.6067,0.129447,0.129447
0.60675,0.129438,0.129438
0.6068,0.129429,0.129429
0.60685,0.12942,0.12942
0.6069,0.12941,0.12941
0.60695,0.129401,0.129401
0.607,0.129392,0.129392
0.60705,0.129383,0.129383
0.6071,0.129373,0.129373
0.60715,0.129364,0.129364
0.6072,0.129355,0.129355
0.60725,0.129346,0.129346
0.6073,0.129337,0.129337
0.60735,0.129327,0.129327
0.6074,0.129318,0.129318
0.60745,0.129309,0.129309
0.6075,0.1293,0.1293
0.60755,0.12929,0.12929
0.6076,0.129281,0.129281
0.60765,0.129272,0.129272
0.6077,0.129263,0.129263
0.60775,0.129254,0.129254
0.6078,0.129244,0.129244
0.60785,0.129235,0.129235
0.6079,0.129226,0.129226
0.60795,0.129217,0.129217
0.608,0.129207,0.129207
0.60805,0.129198,0.129198
0.6081,0.129189,0.129189
0.60815,0.12918,0.12918
0.6082,0.12917,0.12917
0.60825,0.129161,0.129161
0.6083,0.129152,0.129152
0.60835,0.129143,0.129143
0.6084,0.129133,0.129133
0.60845,0.129124,0.129124
0.6085,0.129115,0.129115
0.60855,0.129106,0.129106
0.6086,0.129096,0.129096
0.60865,0.129087,0.129087
0.6087,0.129078,0.129078
0.60875,0.129069,0.129069
0.6088,0.129059,0.129059
0.60885,0.12905,0.12905
0.6089,0.129041,0.129041
0.60895,0.129032,0.129032
0.609,0.129022,0.129022
0.60905,0.129013,0.129013
0.6091,0.129004,0.129004
0.60915,0.128994,0.128994
0.6092,0.128985,0.128985
0.60925,0.128976,0.128976
0.6093,0.128967,0.128967
0.60935,0.128957,0.128957
0.6094,0.128948,0.128948
0.60945,0.128939,0.128939
0.6095,0.128929,0.128929
0.60955,0.12892,0.12892
0.6096,0.128911,0.128911
0.60965,0.128902,0.128902
0.6097,0.128892,0.128892
0.60975,0.128883,0.128883
0.6098,0.128874,0.128874
0.60985,0.128864,0.128864
0.6099,0.128855,0.128855
0.60995,0.128846,0.128846
0.61,0.128836,0.128836
0.61005,0.128827,0.128827
0.6101,0.128818,0.128818
0.61015,0.128809,0.128809
0.6102,0.128799,0.128799
0.61025,0.12879,0.12879
0.6103,0.128781,0.128781
0.61035,0.128771,0.128771
0.6104,0.128762,0.128762
0.61045,0.128753,0.128753
0.6105,0.128743,0.128743
0.61055,0.128734,0.128734
0.6106,0.128725,0.128725
0.61065,0.128715,0.128715
0.6107,0.128706,0.128706
0.61075,0.128697,0.128697
0.6108,0.128687,0.128687
0.61085,0.128678,0.128678
0.6109,0.128669,0.128669
0.61095,0.128659,0.128659
0.611,0.12865,0.12865
0.61105,0.128641,0.128641
0.6111,0.128631,0.128631
0.61115,0.128622,0.128622
0.6112,0.128613,0.128613
0.61125,0.128603,0.128603
0.6113,0.128594,0.128594
0.61135,0.128585,0.128585
0.6114,0.128575,0.128575
0.61145,0.128566,0.128566
0.6115,0.128557,0.128557
0.61155,0.128547,0.128547
0.6116,0.128538,0.128538
0.61165,0.128529,0.128529
0.6117,0.128519,0.128519
0.61175,0.12851,0.12851
0.6118,0.128501,0.128501
0.61185,0.128491,0.128491
0.6119,0.128482,0.128482
0.61195,0.128473,0.128473
0.612,0.128463,0.128463
0.61205,0.128454,0.128454
0.6121,0.128444,0.128444
0.61215,0.128435,0.128435
0.6122,0.128426,0.128426
0.61225,0.128416,0.128416
0.6123,0.128407,0.128407
0.61235,0.128398,0.128398
0.6124,0.128388,0.128388
0.61245,0.128379,0.128379
0.6125,0.128369,0.128369
0.61255,0.12836,0.12836
0.6126,0.128351,0.128351
0.61265,0.128341,0.128341
0.6127,0.128332,0.128332
0.61275,0.128323,0.128323
0.6128,0.128313,0.128313
0.61285,0.128304,0.128304
0.6129,0.128294,0.128294
0.61295,0.128285,0.128285
0.613,0.128276,0.128276
0.61305,0.128266,0.128266
0.6131,0.128257,0.128257
0.61315,0.128247,0.128247
0.6132,0.128238,0.128238
0.61325,0.128229,0.128229
0.6133,0.128219,0.128219
0.61335,0.12821,0.12821
0.6134,0.1282,0.1282
0.61345,0.128191,0.128191
0.6135,0.128182,0.128182
0.61355,0.128172,0.128172
0.6136,0.128163,0.128163
0.61365,0.128153,0.128153
0.6137,0.128144,0.128144
0.61375,0.128135,0.128135
0.6138,0.128125,0.128125
0.61385,0.128116,0.128116
0.6139,0.128106,0.128106
0.61395,0.128097,0.128097
0.614,0.128087,0.128087
0.61405,0.128078,0.128078
0.6141,0.128069,0.128069
0.61415,0.128059,0.128059
0.6142,0.12805,0.12805
0.61425,0.12804,0.12804
0.6143,0.128031,0.128031
0.61435,0.128021,0.128021
0.6144,0.128012,0.128012
0.61445,0.128003,0.128003
0.6145,0.127993,0.127993
0.61455,0.127984,0.127984
0.6146,0.127974,0.127974
0.61465,0.127965,0.127965
0.6147,0.127955,0.127955
0.61475,0.127946,0.127946
0.6148,0.127936,0.127936
0.61485,0.127927,0.127927
0.6149,0.127918,0.127918
0.61495,0.127908,0.127908
0.615,0.127899,0.127899
0.61505,0.127889,0.127889
0.6151,0.12788,0.12788
0.61515,0.12787,0.12787
0.6152,0.127861,0.127861
0.61525,0.127851,0.127851
0.6153,0.127842,0.127842
0.61535,0.127832,0.127832
0.6154,0.127823,0.127823
0.61545,0.127813,0.127813
0.6155,0.127804,0.127804
0.61555,0.127794,0.127794
0.6156,0.127785,0.127785
0.61565,0.127776,0.127776
0.6157,0.127766,0.127766
0.61575,0.127757,0.127757
0.6158,0.127747,0.127747
0.61585,0.127738,0.127738
0.6159,0.127728,0.127728
0.61595,0.127719,0.127719
0.616,0.127709,0.127709
0.61605,0.1277,0.1277
0.6161,0.12769,0.12769
0.61615,0.127681,0.127681
0.6162,0.127671,0.127671
0.61625,0.127662,0.127662
0.6163,0.127652,0.127652
0.61635,0.127643,0.127643
0.6164,0.127633,0.127633
0.61645,0.127624,0.127624
0.6165,0.127614,0.127614
0.61655,0.127605,0.127605
0.6166,0.127595,0.127595
0.61665,0.127586,0.127586
0.6167,0.127576,0.127576
0.61675,0.127567,0.127567
0.6168,0.127557,0.127557
0.61685,0.127548,0.127548
0.6169,0.127538,0.127538
0.61695,0.127529,0.127529
0.617,0.127519,0.127519
0.61705,0.12751,0.12751
0.6171,0.1275,0.1275
0.61715,0.127491,0.127491
0.6172,0.127481,0.127481
0.61725,0.127472,0.127472
0.6173,0.127462,0.127462
0.61735,0.127452,0.127452
0.6174,0.127443,0.127443
0.61745,0.127433,0.127433
0.6175,0.127424,0.127424
0.61755,0.127414,0.127414
0.6176,0.127405,0.127405
0.61765,0.127395,0.127395
0.6177,0.127386,0.127386
0.61775,0.127376,0.127376
0.6178,0.127367,0.127367
0.61785,0.127357,0.127357
0.6179,0.127348,0.127348
0.61795,0.127338,0.127338
0.618,0.127328,0.127328
0.61805,0.127319,0.127319
0.6181,0.127309,0.127309
0.61815,0.1273,0.1273
0.6182,0.12729,0.12729
0.61825,0.127281,0.127281
0.6183,0.127271,0.127271
0.61835,0.127262,0.127262
0.6184,0.127252,0.127252
0.61845,0.127242,0.127242
0.6185,0.127233,0.127233
0.61855,0.127223,0.127223
0.6186,0.127214,0.127214
0.61865,0.127204,0.127204
0.6187,0.127195,0.127195
0.61875,0.127185,0.127185
0.6188,0.127176,0.127176
0.61885,0.127166,0.127166
0.6189,0.127156,0.127156
0.61895,0.127147,0.127147
0.619,0.127137,0.127137
0.61905,0.127128,0.127128
0.6191,0.127118,0.127118
0.61915,0.127108,0.127108
0.6192,0.127099,0.127099
0.61925,0.127089,0.127089
0.6193,0.12708,0.12708
0.61935,0.12707,0.12707
0.6194,0.127061,0.127061
0.61945,0.127051,0.127051
0.6195,0.127041,0.127041
0.61955,0.127032,0.127032
0.6196,0.127022,0.127022
0.61965,0.127013,0.127013
0.6197,0.127003,0.127003
0.61975,0.126993,0.126993
0.6198,0.126984,0.126984
0.61985,0.126974,0.126974
0.6199,0.126965,0.126965
0.61995,0.126955,0.126955
0.62,0.126945,0.126945
0.62005,0.126936,0.126936
0.6201,0.126926,0.126926
0.62015,0.126916,0.126916
0.6202,0.126907,0.126907
0.62025,0.126897,0.126897
0.6203,0.126888,0.126888
0.62035,0.126878,0.126878
0.6204,0.126868,0.126868
0.62045,0.126859,0.126859
0.6205,0.126849,0.126849
0.62055,0.12684,0.12684
0.6206,0.12683,0.12683
0.62065,0.12682,0.12682
0.6207,0.126811,0.126811
0.62075,0.126801,0.126801
0.6208,0.126791,0.126791
0.62085,0.126782,0.126782
0.6209,0.126772,0.126772
0.62095,0.126762,0.126762
0.621,0.126753,0.126753
0.62105,0.126743,0.126743
0.6211,0.126734,0.126734
0.62115,0.126724,0.126724
0.6212,0.126714,0.126714
0.62125,0.126705,0.126705
0.6213,0.126695,0.126695
0.62135,0.126685,0.126685
0.6214,0.126676,0.126676
0.62145,0.126666,0.126666
0.6215,0.126656,0.126656
0.62155,0.126647,0.126647
0.6216,0.126637,0.126637
0.62165,0.126627,0.126627
0.6217,0.126618,0.126618
0.62175,0.126608,0.126608
0.6218,0.126598,0.126598
0.62185,0.126589,0.126589
0.6219,0.126579,0.126579
0.62195,0.126569,0.126569
0.622,0.12656,0.12656
0.62205,0.12655,0.12655
0.6221,0.12654,0.12654
0.62215,0.126531,0.126531
0.6222,0.126521,0.126521
0.62225,0.126511,0.126511
0.6223,0.126502,0.126502
0.62235,0.126492,0.126492
0.6224,0.126482,0.126482
0.62245,0.126473,0.126473
0.6225,0.126463,0.126463
0.62255,0.126453,0.126453
0.6226,0.126444,0.126444
0.62265,0.126434,0.126434
0.6227,0.126424,0.126424
0.62275,0.126414,0.126414
0.6228,0.126405,0.126405
0.62285,0.126395,0.126395
0.6229,0.126385,0.126385
0.62295,0.126376,0.126376
0.623,0.126366,0.126366
0.62305,0.126356,0.126356
0.6231,0.126347,0.126347
0.62315,0.126337,0.126337
0.6232,0.126327,0.126327
0.62325,0.126317,0.126317
0.6233,0.126308,0.126308
0.62335,0.126298,0.126298
0.6234,0.126288,0.126288
0.62345,0.126279,0.126279
0.6235,0.126269,0.126269
0.62355,0.126259,0.126259
0.6236,0.126249,0.126249
0.62365,0.12624,0.12624
0.6237,0.12623,0.12623
0.62375,0.12622,0.12622
0.6238,0.12621,0.12621
0.62385,0.126201,0.126201
0.6239,0.126191,0.126191
0.62395,0.126181,0.126181
0.624,0.126172,0.126172
0.62405,0.126162,0.126162
0.6241,0.126152,0.126152
0.62415,0.126142,0.126142
0.6242,0.126133,0.126133
0.62425,0.126123,0.126123
0.6243,0.126113,0.126113
0.62435,0.126103,0.126103
0.6244,0.126094,0.126094
0.62445,0.126084,0.126084
0.6245,0.126074,0.126074
0.62455,0.126064,0.126064
0.6246,0.126055,0.126055
0.62465,0.126045,0.126045
0.6247,0.126035,0.126035
0.62475,0.126025,0.126025
0.6248,0.126016,0.126016
0.62485,0.126006,0.126006
0.6249,0.125996,0.125996
0.62495,0.125986,0.125986
0.625,0.125977,0.125977
0.62505,0.125967,0.125967
0.6251,0.125957,0.125957
0.62515,0.125947,0.125947
0.6252,0.125937,0.125937
0.62525,0.125928,0.125928
0.6253,0.125918,0.125918
0.62535,0.125908,0.125908
0.6254,0.125898,0.125898
0.62545,0.125889,0.125889
0.6255,0.125879,0.125879
0.62555,0.125869,0.125869
0.6256,0.125859,0.125859
0.62565,0.125849,0.125849
0.6257,0.12584,0.12584
0.62575,0.12583,0.12583
0.6258,0.12582,0.12582
0.62585,0.12581,0.12581
0.6259,0.125801,0.125801
0.62595,0.125791,0.125791
0.626,0.125781,0.125781
0.62605,0.125771,0.125771
0.6261,0.125761,0.125761
0.62615,0.125752,0.125752
0.6262,0.125742,0.125742
0.62625,0.125732,0.125732
0.6263,0.125722,0.125722
0.62635,0.125712,0.125712
0.6264,0.125703,0.125703
0.62645,0.125693,0.125693
0.6265,0.125683,0.125683
0.62655,0.125673,0.125673
0.6266,0.125663,0.125663
0.62665,0.125653,0.125653
0.6267,0.125644,0.125644
0.62675,0.125634,0.125634
0.6268,0.125624,0.125624
0.62685,0.125614,0.125614
0.6269,0.125604,0.125604
0.62695,0.125595,0.125595
0.627,0.125585,0.125585
0.62705,0.125575,0.125575
0.6271,0.125565,0.125565
0.62715,0.125555,0.125555
0.6272,0.125545,0.125545
0.62725,0.125536,0.125536
0.6273,0.125526,0.125526
0.62735,0.125516,0.125516
0.6274,0.125506,0.125506
0.62745,0.125496,0.125496
0.6275,0.125486,0.125486
0.62755,0.125476,0.125476
0.6276,0.125467,0.125467
0.62765,0.125457,0.125457
0.6277,0.125447,0.125447
0.62775,0.125437,0.125437
0.6278,0.125427,0.125427
0.62785,0.125417,0.125417
0.6279,0.125408,0.125408
0.62795,0.125398,0.125398
0.628,0.125388,0.125388
0.62805,0.125378,0.125378
0.6281,0.125368,0.125368
0.62815,0.125358,0.125358
0.6282,0.125348,0.125348
0.62825,0.125338,0.125338
0.6283,0.125329,0.125329
0.62835,0.125319,0.125319
0.6284,0.125309,0.125309
0.62845,0.125299,0.125299
0.6285,0.125289,0.125289
0.62855,0.125279,0.125279
0.6286,0.125269,0.125269
0.62865,0.125259,0.12526
0.6287,0.12525,0.12525
0.62875,0.12524,0.12524
0.6288,0.12523,0.12523
0.62885,0.12522,0.12522
0.6289,0.12521,0.12521
0.62895,0.1252,0.1252
0.629,0.12519,0.12519
0.62905,0.12518,0.12518
0.6291,0.125171,0.125171
0.62915,0.125161,0.125161
0.6292,0.125151,0.125151
0.62925,0.125141,0.125141
0.6293,0.125131,0.125131
0.62935,0.125121,0.125121
0.6294,0.125111,0.125111
0.62945,0.125101,0.125101
0.6295,0.125091,0.125091
0.62955,0.125081,0.125081
0.6296,0.125071,0.125071
0.62965,0.125062,0.125062
0.6297,0.125052,0.125052
0.62975,0.125042,0.125042
0.6298,0.125032,0.125032
0.62985,0.125022,0.125022
0.6299,0.125012,0.125012
0.62995,0.125002,0.125002
0.63,0.124992,0.124992
0.63005,0.124982,0.124982
0.6301,0.124972,0.124972
0.63015,0.124962,0.124962
0.6302,0.124952,0.124952
0.63025,0.124943,0.124943
0.6303,0.124933,0.124933
0.63035,0.124923,0.124923
0.6304,0.124913,0.124913
0.63045,0.124903,0.124903
0.6305,0.124893,0.124893
0.63055,0.124883,0.124883
0.6306,0.124873,0.124873
0.63065,0.124863,0.124863
0.6307,0.124853,0.124853
0.63075,0.124843,0.124843
0.6308,0.124833,0.124833
0.63085,0.124823,0.124823
0.6309,0.124813,0.124813
0.63095,0.124803,0.124803
0.631,0.124793,0.124793
0.63105,0.124783,0.124783
0.6311,0.124773,0.124773
0.63115,0.124764,0.124764
0.6312,0.124754,0.124754
0.63125,0.124744,0.124744
0.6313,0.124734,0.124734
0.63135,0.124724,0.124724
0.6314,0.124714,0.124714
0.63145,0.124704,0.124704
0.6315,0.124694,0.124694
0.63155,0.124684,0.124684
0.6316,0.124674,0.124674
0.63165,0.124664,0.124664
0.6317,0.124654,0.124654
0.63175,0.124644,0.124644
0.6318,0.124634,0.124634
0.63185,0.124624,0.124624
0.6319,0.124614,0.124614
0.63195,0.124604,0.124604
0.632,0.124594,0.124594
0.63205,0.124584,0.124584
0.6321,0.124574,0.124574
0.63215,0.124564,0.124564
0.6322,0.124554,0.124554
0.63225,0.124544,0.124544
0.6323,0.124534,0.124534
0.63235,0.124524,0.124524
0.6324,0.124514,0.124514
0.63245,0.124504,0.124504
0.6325,0.124494,0.124494
0.63255,0.124484,0.124484
0.6326,0.124474,0.124474
0.63265,0.124464,0.124464
0.6327,0.124454,0.124454
0.63275,0.124444,0.124444
0.6328,0.124434,0.124434
0.63285,0.124424,0.124424
0.6329,0.124414,0.124414
0.63295,0.124404,0.124404
0.633,0.124394,0.124394
0.63305,0.124384,0.124384
0.6331,0.124374,0.124374
0.63315,0.124364,0.124364
0.6332,0.124354,0.124354
0.63325,0.124344,0.124344
0.6333,0.124334,0.124334
0.63335,0.124324,0.124324
0.6334,0.124314,0.124314
0.63345,0.124304,0.124304
0.6335,0.124294,0.124294
0.63355,0.124284,0.124284
0.6336,0.124274,0.124274
0.63365,0.124264,0.124264
0.6337,0.124254,0.124254
0.63375,0.124244,0.124244
0.6338,0.124233,0.124233
0.63385,0.124223,0.124223
0.6339,0.124213,0.124213
0.63395,0.124203,0.124203
0.634,0.124193,0.124193
0.63405,0.124183,0.124183
0.6341,0.124173,0.124173
0.63415,0.124163,0.124163
0.6342,0.124153,0.124153
0.63425,0.124143,0.124143
0.6343,0.124133,0.124133
0.63435,0.124123,0.124123
0.6344,0.124113,0.124113
0.63445,0.124103,0.124103
0.6345,0.124093,0.124093
0.63455,0.124083,0.124083
0.6346,0.124073,0.124073
0.63465,0.124063,0.124063
0.6347,0.124052,0.124052
0.63475,0.124042,0.124042
0.6348,0.124032,0.124032
0.63485,0.124022,0.124022
0.6349,0.124012,0.124012
0.63495,0.124002,0.124002
0.635,0.123992,0.123992
0.63505,0.123982,0.123982
0.6351,0.123972,0.123972
0.63515,0.123962,0.123962
0.6352,0.123952,0.123952
0.63525,0.123942,0.123942
0.6353,0.123932,0.123932
0.63535,0.123921,0.123921
0.6354,0.123911,0.123911
0.63545,0.123901,0.123901
0.6355,0.123891,0.123891
0.63555,0.123881,0.123881
0.6356,0.123871,0.123871
0.63565,0.123861,0.123861
0.6357,0.123851,0.123851
0.63575,0.123841,0.123841
0.6358,0.123831,0.123831
0.63585,0.12382,0.12382
0.6359,0.12381,0.12381
0.63595,0.1238,0.1238
0.636,0.12379,0.12379
0.63605,0.12378,0.12378
0.6361,0.12377,0.12377
0.63615,0.12376,0.12376
0.6362,0.12375,0.12375
0.63625,0.12374,0.12374
0.6363,0.123729,0.123729
0.63635,0.123719,0.123719
0.6364,0.123709,0.123709
0.63645,0.123699,0.123699
0.6365,0.123689,0.123689
0.63655,0.123679,0.123679
0.6366,0.123669,0.123669
0.63665,0.123658,0.123658
0.6367,0.123648,0.123648
0.63675,0.123638,0.123638
0.6368,0.123628,0.123628
0.63685,0.123618,0.123618
0.6369,0.123608,0.123608
0.63695,0.123598,0.123598
0.637,0.123588,0.123588
0.63705,0.123577,0.123577
0.6371,0.123567,0.123567
0.63715,0.123557,0.123557
0.6372,0.123547,0.123547
0.63725,0.123537,0.123537
0.6373,0.123527,0.123527
0.63735,0.123516,0.123516
0.6374,0.123506,0.123506
0.63745,0.123496,0.123496
0.6375,0.123486,0.123486
0.63755,0.123476,0.123476
0.6376,0.123466,0.123466
0.63765,0.123456,0.123456
0.6377,0.123445,0.123445
0.63775,0.123435,0.123435
0.6378,0.123425,0.123425
0.63785,0.123415,0.123415
0.6379,0.123405,0.123405
0.63795,0.123394,0.123394
0.638,0.123384,0.123384
0.63805,0.123374,0.123374
0.6381,0.123364,0.123364
0.63815,0.123354,0.123354
0.6382,0.123344,0.123344
0.63825,0.123333,0.123333
0.6383,0.123323,0.123323
0.63835,0.123313,0.123313
0.6384,0.123303,0.123303
0.63845,0.123293,0.123293
0.6385,0.123282,0.123282
0.63855,0.123272,0.123272
0.6386,0.123262,0.123262
0.63865,0.123252,0.123252
0.6387,0.123242,0.123242
0.63875,0.123231,0.123232
0.6388,0.123221,0.123221
0.63885,0.123211,0.123211
0.6389,0.123201,0.123201
0.63895,0.123191,0.123191
0.639,0.12318,0.12318
0.63905,0.12317,0.12317
0.6391,0.12316,0.12316
0.63915,0.12315,0.12315
0.6392,0.12314,0.12314
0.63925,0.123129,0.123129
0.6393,0.123119,0.123119
0.63935,0.123109,0.123109
0.6394,0.123099,0.123099
0.63945,0.123089,0.123089
0.6395,0.123078,0.123078
0.63955,0.123068,0.123068
0.6396,0.123058,0.123058
0.63965,0.123048,0.123048
0.6397,0.123037,0.123037
0.63975,0.123027,0.123027
0.6398,0.123017,0.123017
0.63985,0.123007,0.123007
0.6399,0.122996,0.122996
0.63995,0.122986,0.122986
0.64,0.122976,0.122976
0.64005,0.122966,0.122966
0.6401,0.122956,0.122956
0.64015,0.122945,0.122945
0.6402,0.122935,0.122935
0.64025,0.122925,0.122925
0.6403,0.122915,0.122915
0.64035,0.122904,0.122904
0.6404,0.122894,0.122894
0.64045,0.122884,0.122884
0.6405,0.122874,0.122874
0.64055,0.122863,0.122863
0.6406,0.122853,0.122853
0.64065,0.122843,0.122843
0.6407,0.122832,0.122832
0.64075,0.122822,0.122822
0.6408,0.122812,0.122812
0.64085,0.122802,0.122802
0.6409,0.122791,0.122791
0.64095,0.122781,0.122781
0.641,0.122771,0.122771
0.64105,0.122761,0.122761
0.6411,0.12275,0.12275
0.64115,0.12274,0.12274
0.6412,0.12273,0.12273
0.64125,0.122719,0.122719
0.6413,0.122709,0.122709
0.64135,0.122699,0.122699
0.6414,0.122689,0.122689
0.64145,0.122678,0.122678
0.6415,0.122668,0.122668
0.64155,0.122658,0.122658
0.6416,0.122647,0.122648
0.64165,0.122637,0.122637
0.6417,0.122627,0.122627
0.64175,0.122617,0.122617
0.6418,0.122606,0.122606
0.64185,0.122596,0.122596
0.6419,0.122586,0.122586
0.64195,0.122575,0.122575
0.642,0.122565,0.122565
0.64205,0.122555,0.122555
0.6421,0.122545,0.122545
0.64215,0.122534,0.122534
0.6422,0.122524,0.122524
0.64225,0.122514,0.122514
0.6423,0.122503,0.122503
0.64235,0.122493,0.122493
0.6424,0.122483,0.122483
0.64245,0.122472,0.122472
0.6425,0.122462,0.122462
0.64255,0.122452,0.122452
0.6426,0.122441,0.122441
0.64265,0.122431,0.122431
0.6427,0.122421,0.122421
0.64275,0.12241,0.12241
0.6428,0.1224,0.1224
0.64285,0.12239,0.12239
0.6429,0.122379,0.122379
0.64295,0.122369,0.122369
0.643,0.122359,0.122359
0.64305,0.122348,0.122348
0.6431,0.122338,0.122338
0.64315,0.122328,0.122328
0.6432,0.122317,0.122317
0.64325,0.122307,0.122307
0.6433,0.122297,0.122297
0.64335,0.122286,0.122286
0.6434,0.122276,0.122276
0.64345,0.122266,0.122266
0.6435,0.122255,0.122255
0.64355,0.122245,0.122245
0.6436,0.122235,0.122235
0.64365,0.122224,0.122224
0.6437,0.122214,0.122214
0.64375,0.122203,0.122203
0.6438,0.122193,0.122193
0.64385,0.122183,0.122183
0.6439,0.122172,0.122172
0.64395,0.122162,0.122162
0.644,0.122152,0.122152
0.64405,0.122141,0.122141
0.6441,0.122131,0.122131
0.64415,0.122121,0.122121
0.6442,0.12211,0.12211
0.64425,0.1221,0.1221
0.6443,0.122089,0.122089
0.64435,0.122079,0.122079
0.6444,0.122069,0.122069
0.64445,0.122058,0.122058
0.6445,0.122048,0.122048
0.64455,0.122038,0.122038
0.6446,0.122027,0.122027
0.64465,0.122017,0.122017
0.6447,0.122006,0.122006
0.64475,0.121996,0.121996
0.6448,0.121986,0.121986
0.64485,0.121975,0.121975
0.6449,0.121965,0.121965
0.64495,0.121954,0.121954
0.645,0.121944,0.121944
0.64505,0.121934,0.121934
0.6451,0.121923,0.121923
0.64515,0.121913,0.121913
0.6452,0.121902,0.121902
0.64525,0.121892,0.121892
0.6453,0.121882,0.121882
0.64535,0.121871,0.121871
0.6454,0.121861,0.121861
0.64545,0.12185,0.12185
0.6455,0.12184,0.12184
0.64555,0.121829,0.121829
0.6456,0.121819,0.121819
0.64565,0.121809,0.121809
0.6457,0.121798,0.121798
0.64575,0.121788,0.121788
0.6458,0.121777,0.121777
0.64585,0.121767,0.121767
0.6459,0.121757,0.121757
0.64595,0.121746,0.121746
0.646,0.121736,0.121736
0.64605,0.121725,0.121725
0.6461,0.121715,0.121715
0.64615,0.121704,0.121704
0.6462,0.121694,0.121694
0.64625,0.121683,0.121683
0.6463,0.121673,0.121673
0.64635,0.121663,0.121663
0.6464,0.121652,0.121652
0.64645,0.121642,0.121642
0.6465,0.121631,0.121631
0.64655,0.121621,0.121621
0.6466,0.12161,0.12161
0.64665,0.1216,0.1216
0.6467,0.121589,0.121589
0.64675,0.121579,0.121579
0.6468,0.121569,0.121569
0.64685,0.121558,0.121558
0.6469,0.121548,0.121548
0.64695,0.121537,0.121537
0.647,0.121527,0.121527
0.64705,0.121516,0.121516
0.6471,0.121506,0.121506
0.64715,0.121495,0.121495
0.6472,0.121485,0.121485
0.64725,0.121474,0.121474
0.6473,0.121464,0.121464
0.64735,0.121453,0.121453
0.6474,0.121443,0.121443
0.64745,0.121432,0.121432
0.6475,0.121422,0.121422
0.64755,0.121411,0.121411
0.6476,0.121401,0.121401
0.64765,0.12139,0.12139
0.6477,0.12138,0.12138
0.64775,0.12137,0.12137
0.6478,0.121359,0.121359
0.64785,0.121349,0.121349
0.6479,0.121338,0.121338
0.64795,0.121328,0.121328
0.648,0.121317,0.121317
0.64805,0.121307,0.121307
0.6481,0.121296,0.121296
0.64815,0.121286,0.121286
0.6482,0.121275,0.121275
0.64825,0.121265,0.121265
0.6483,0.121254,0.121254
0.64835,0.121244,0.121244
0.6484,0.121233,0.121233
0.64845,0.121222,0.121222
0.6485,0.121212,0.121212
0.64855,0.121201,0.121201
0.6486,0.121191,0.121191
0.64865,0.12118,0.12118
0.6487,0.12117,0.12117
0.64875,0.121159,0.121159
0.6488,0.121149,0.121149
0.64885,0.121138,0.121138
0.6489,0.121128,0.121128
0.64895,0.121117,0.121117
0.649,0.121107,0.121107
0.64905,0.121096,0.121096
0.6491,0.121086,0.121086
0.64915,0.121075,0.121075
0.6492,0.121065,0.121065
0.64925,0.121054,0.121054
0.6493,0.121044,0.121044
0.64935,0.121033,0.121033
0.6494,0.121022,0.121022
0.64945,0.121012,0.121012
0.6495,0.121001,0.121001
0.64955,0.120991,0.120991
0.6496,0.12098,0.12098
0.64965,0.12097,0.12097
0.6497,0.120959,0.120959
0.64975,0.120949,0.120949
0.6498,0.120938,0.120938
0.64985,0.120928,0.120928
0.6499,0.120917,0.120917
0.64995,0.120906,0.120906
0.65,0.120896,0.120896
0.65005,0.120885,0.120885
0.6501,0.120875,0.120875
0.65015,0.120864,0.120864
0.6502,0.120854,0.120854
0.65025,0.120843,0.120843
0.6503,0.120832,0.120832
0.65035,0.120822,0.120822
0.6504,0.120811,0.120811
0.65045,0.120801,0.120801
0.6505,0.12079,0.12079
0.65055,0.12078,0.12078
0.6506,0.120769,0.120769
0.65065,0.120758,0.120758
0.6507,0.120748,0.120748
0.65075,0.120737,0.120737
0.6508,0.120727,0.120727
0.65085,0.120716,0.120716
0.6509,0.120705,0.120705
0.65095,0.120695,0.120695
0.651,0.120684,0.120684
0.65105,0.120674,0.120674
0.6511,0.120663,0.120663
0.65115,0.120652,0.120652
0.6512,0.120642,0.120642
0.65125,0.120631,0.120631
0.6513,0.120621,0.120621
0.65135,0.12061,0.12061
0.6514,0.120599,0.120599
0.65145,0.120589,0.120589
0.6515,0.120578,0.120578
0.65155,0.120568,0.120568
0.6516,0.120557,0.120557
0.65165,0.120546,0.120546
0.6517,0.120536,0.120536
0.65175,0.120525,0.120525
0.6518,0.120515,0.120515
0.65185,0.120504,0.120504
0.6519,0.120493,0.120493
0.65195,0.120483,0.120483
0.652,0.120472,0.120472
0.65205,0.120461,0.120461
0.6521,0.120451,0.120451
0.65215,0.12044,0.12044
0.6522,0.12043,0.12043
0.65225,0.120419,0.120419
0.6523,0.120408,0.120408
0.65235,0.120398,0.120398
0.6524,0.120387,0.120387
0.65245,0.120376,0.120376
0.6525,0.120366,0.120366
0.65255,0.120355,0.120355
0.6526,0.120344,0.120344
0.65265,0.120334,0.120334
0.6527,0.120323,0.120323
0.65275,0.120312,0.120312
0.6528,0.120302,0.120302
0.65285,0.120291,0.120291
0.6529,0.12028,0.12028
0.65295,0.12027,0.12027
0.653,0.120259,0.120259
0.65305,0.120248,0.120248
0.6531,0.120238,0.120238
0.65315,0.120227,0.120227
0.6532,0.120216,0.120216
0.65325,0.120206,0.120206
0.6533,0.120195,0.120195
0.65335,0.120184,0.120184
0.6534,0.120174,0.120174
0.65345,0.120163,0.120163
0.6535,0.120152,0.120152
0.65355,0.120142,0.120142
0.6536,0.120131,0.120131
0.65365,0.12012,0.12012
0.6537,0.12011,0.12011
0.65375,0.120099,0.120099
0.6538,0.120088,0.120088
0.65385,0.120078,0.120078
0.6539,0.120067,0.120067
0.65395,0.120056,0.120056
0.654,0.120046,0.120046
0.65405,0.120035,0.120035
0.6541,0.120024,0.120024
0.65415,0.120014,0.120014
0.6542,0.120003,0.120003
0.65425,0.119992,0.119992
0.6543,0.119981,0.119981
0.65435,0.119971,0.119971
0.6544,0.11996,0.11996
0.65445,0.119949,0.119949
0.6545,0.119939,0.119939
0.65455,0.119928,0.119928
0.6546,0.119917,0.119917
0.65465,0.119906,0.119906
0.6547,0.119896,0.119896
0.65475,0.119885,0.119885
0.6548,0.119874,0.119874
0.65485,0.119864,0.119864
0.6549,0.119853,0.119853
0.65495,0.119842,0.119842
0.655,0.119831,0.119831
0.65505,0.119821,0.119821
0.6551,0.11981,0.11981
0.65515,0.119799,0.119799
0.6552,0.119789,0.119789
0.65525,0.119778,0.119778
0.6553,0.119767,0.119767
0.65535,0.119756,0.119756
0.6554,0.119746,0.119746
0.65545,0.119735,0.119735
0.6555,0.119724,0.119724
0.65555,0.119713,0.119713
0.6556,0.119703,0.119703
0.65565,0.119692,0.119692
0.6557,0.119681,0.119681
0.65575,0.11967,0.11967
0.6558,0.11966,0.11966
0.65585,0.119649,0.119649
0.6559,0.119638,0.119638
0.65595,0.119627,0.119627
0.656,0.119617,0.119617
0.65605,0.119606,0.119606
0.6561,0.119595,0.119595
0.65615,0.119584,0.119584
0.6562,0.119574,0.119574
0.65625,0.119563,0.119563
0.6563,0.119552,0.119552
0.65635,0.119541,0.119541
0.6564,0.11953,0.11953
0.65645,0.11952,0.11952
0.6565,0.119509,0.119509
0.65655,0.119498,0.119498
0.6566,0.119487,0.119487
0.65665,0.119477,0.119477
0.6567,0.119466,0.119466
0.65675,0.119455,0.119455
0.6568,0.119444,0.119444
0.65685,0.119433,0.119433
0.6569,0.119423,0.119423
0.65695,0.119412,0.119412
0.657,0.119401,0.119401
0.65705,0.11939,0.11939
0.6571,0.11938,0.11938
0.65715,0.119369,0.119369
0.6572,0.119358,0.119358
0.65725,0.119347,0.119347
0.6573,0.119336,0.119336
0.65735,0.119326,0.119326
0.6574,0.119315,0.119315
0.65745,0.119304,0.119304
0.6575,0.119293,0.119293
0.65755,0.119282,0.119282
0.6576,0.119271,0.119271
0.65765,0.119261,0.119261
0.6577,0.11925,0.11925
0.65775,0.119239,0.119239
0.6578,0.119228,0.119228
0.65785,0.119217,0.119217
0.6579,0.119207,0.119207
0.65795,0.119196,0.119196
0.658,0.119185,0.119185
0.65805,0.119174,0.119174
0.6581,0.119163,0.119163
0.65815,0.119152,0.119152
0.6582,0.119142,0.119142
0.65825,0.119131,0.119131
0.6583,0.11912,0.11912
0.65835,0.119109,0.119109
0.6584,0.119098,0.119098
0.65845,0.119087,0.119087
0.6585,0.119077,0.119077
0.65855,0.119066,0.119066
0.6586,0.119055,0.119055
0.65865,0.119044,0.119044
0.6587,0.119033,0.119033
0.65875,0.119022,0.119022
0.6588,0.119012,0.119012
0.65885,0.119001,0.119001
0.6589,0.11899,0.11899
0.65895,0.118979,0.118979
0.659,0.118968,0.118968
0.65905,0.118957,0.118957
0.6591,0.118946,0.118946
0.65915,0.118936,0.118936
0.6592,0.118925,0.118925
0.65925,0.118914,0.118914
0.6593,0.118903,0.118903
0.65935,0.118892,0.118892
0.6594,0.118881,0.118881
0.65945,0.11887,0.11887
0.6595,0.118859,0.118859
0.65955,0.118849,0.118849
0.6596,0.118838,0.118838
0.65965,0.118827,0.118827
0.6597,0.118816,0.118816
0.65975,0.118805,0.118805
0.6598,0.118794,0.118794
0.65985,0.118783,0.118783
0.6599,0.118772,0.118772
0.65995,0.118762,0.118762
0.66,0.118751,0.118751
0.66005,0.11874,0.11874
0.6601,0.118729,0.118729
0.66015,0.118718,0.118718
0.6602,0.118707,0.118707
0.66025,0.118696,0.118696
0.6603,0.118685,0.118685
0.66035,0.118674,0.118674
0.6604,0.118663,0.118663
0.66045,0.118653,0.118653
0.6605,0.118642,0.118642
0.66055,0.118631,0.118631
0.6606,0.11862,0.11862
0.66065,0.118609,0.118609
0.6607,0.118598,0.118598
0.66075,0.118587,0.118587
0.6608,0.118576,0.118576
0.66085,0.118565,0.118565
0.6609,0.118554,0.118554
0.66095,0.118543,0.118543
0.661,0.118533,0.118533
0.66105,0.118522,0.118522
0.6611,0.118511,0.118511
0.66115,0.1185,0.1185
0.6612,0.118489,0.118489
0.66125,0.118478,0.118478
0.6613,0.118467,0.118467
0.66135,0.118456,0.118456
0.6614,0.118445,0.118445
0.66145,0.118434,0.118434
0.6615,0.118423,0.118423
0.66155,0.118412,0.118412
0.6616,0.118401,0.118401
0.66165,0.11839,0.11839
0.6617,0.118379,0.118379
0.66175,0.118369,0.118369
0.6618,0.118358,0.118358
0.66185,0.118347,0.118347
0.6619,0.118336,0.118336
0.66195,0.118325,0.118325
0.662,0.118314,0.118314
0.66205,0.118303,0.118303
0.6621,0.118292,0.118292
0.66215,0.118281,0.118281
0.6622,0.11827,0.11827
0.66225,0.118259,0.118259
0.6623,0.118248,0.118248
0.66235,0.118237,0.118237
0.6624,0.118226,0.118226
0.66245,0.118215,0.118215
0.6625,0.118204,0.118204
0.66255,0.118193,0.118193
0.6626,0.118182,0.118182
0.66265,0.118171,0.118171
0.6627,0.11816,0.11816
0.66275,0.118149,0.118149
0.6628,0.118138,0.118138
0.66285,0.118127,0.118127
0.6629,0.118116,0.118116
0.66295,0.118105,0.118105
0.663,0.118094,0.118094
0.66305,0.118083,0.118083
0.6631,0.118072,0.118072
0.66315,0.118061,0.118061
0.6632,0.11805,0.11805
0.66325,0.118039,0.118039
0.6633,0.118028,0.118028
0.66335,0.118017,0.118017
0.6634,0.118006,0.118006
0.66345,0.117995,0.117995
0.6635,0.117984,0.117984
0.66355,0.117973,0.117973
0.6636,0.117962,0.117962
0.66365,0.117951,0.117951
0.6637,0.11794,0.11794
0.66375,0.117929,0.117929
0.6638,0.117918,0.117918
0.66385,0.117907,0.117907
0.6639,0.117896,0.117896
0.66395,0.117885,0.117885
0.664,0.117874,0.117874
0.66405,0.117863,0.117863
0.6641,0.117852,0.117852
0.66415,0.117841,0.117841
0.6642,0.11783,0.11783
0.66425,0.117819,0.117819
0.6643,0.117808,0.117808
0.66435,0.117797,0.117797
0.6644,0.117786,0.117786
0.66445,0.117775,0.117775
0.6645,0.117764,0.117764
0.66455,0.117753,0.117753
0.6646,0.117742,0.117742
0.66465,0.117731,0.117731
0.6647,0.11772,0.11772
0.66475,0.117709,0.117709
0.6648,0.117698,0.117698
0.66485,0.117687,0.117687
0.6649,0.117676,0.117676
0.66495,0.117664,0.117664
0.665,0.117653,0.117653
0.66505,0.117642,0.117642
0.6651,0.117631,0.117631
0.66515,0.11762,0.11762
0.6652,0.117609,0.117609
0.66525,0.117598,0.117598
0.6653,0.117587,0.117587
0.66535,0.117576,0.117576
0.6654,0.117565,0.117565
0.66545,0.117554,0.117554
0.6655,0.117543,0.117543
0.66555,0.117532,0.117532
0.6656,0.117521,0.117521
0.66565,0.11751,0.11751
0.6657,0.117498,0.117498
0.66575,0.117487,0.117487
0.6658,0.117476,0.117476
0.66585,0.117465,0.117465
0.6659,0.117454,0.117454
0.66595,0.117443,0.117443
0.666,0.117432,0.117432
0.66605,0.117421,0.117421
0.6661,0.11741,0.11741
0.66615,0.117399,0.117399
0.6662,0.117388,0.117388
0.66625,0.117376,0.117376
0.6663,0.117365,0.117365
0.66635,0.117354,0.117354
0.6664,0.117343,0.117343
0.66645,0.117332,0.117332
0.6665,0.117321,0.117321
0.66655,0.11731,0.11731
0.6666,0.117299,0.117299
0.66665,0.117288,0.117288
0.6667,0.117277,0.117277
0.66675,0.117265,0.117265
0.6668,0.117254,0.117254
0.66685,0.117243,0.117243
0.6669,0.117232,0.117232
0.66695,0.117221,0.117221
0.667,0.11721,0.11721
0.66705,0.117199,0.117199
0.6671,0.117188,0.117188
0.66715,0.117176,0.117176
0.6672,0.117165,0.117165
0.66725,0.117154,0.117154
0.6673,0.117143,0.117143
0.66735,0.117132,0.117132
0.6674,0.117121,0.117121
0.66745,0.11711,0.11711
0.6675,0.117099,0.117099
0.66755,0.117087,0.117087
0.6676,0.117076,0.117076
0.66765,0.117065,0.117065
0.6677,0.117054,0.117054
0.66775,0.117043,0.117043
0.6678,0.117032,0.117032
0.66785,0.117021,0.117021
0.6679,0.117009,0.117009
0.66795,0.116998,0.116998
0.668,0.116987,0.116987
0.66805,0.116976,0.116976
0.6681,0.116965,0.116965
0.66815,0.116954,0.116954
0.6682,0.116942,0.116942
0.66825,0.116931,0.116931
0.6683,0.11692,0.11692
0.66835,0.116909,0.116909
0.6684,0.116898,0.116898
0.66845,0.116887,0.116887
0.6685,0.116875,0.116875
0.66855,0.116864,0.116864
0.6686,0.116853,0.116853
0.66865,0.116842,0.116842
0.6687,0.116831,0.116831
0.66875,0.11682,0.11682
0.6688,0.116808,0.116808
0.66885,0.116797,0.116797
0.6689,0.116786,0.116786
0.66895,0.116775,0.116775
0.669,0.116764,0.116764
0.66905,0.116752,0.116752
0.6691,0.116741,0.116741
0.66915,0.11673,0.11673
0.6692,0.116719,0.116719
0.66925,0.116708,0.116708
0.6693,0.116696,0.116696
0.66935,0.116685,0.116685
0.6694,0.116674,0.116674
0.66945,0.116663,0.116663
0.6695,0.116652,0.116652
0.66955,0.11664,0.11664
0.6696,0.116629,0.116629
0.66965,0.116618,0.116618
0.6697,0.116607,0.116607
0.66975,0.116596,0.116596
0.6698,0.116584,0.116584
0.66985,0.116573,0.116573
0.6699,0.116562,0.116562
0.66995,0.116551,0.116551
0.67,0.116539,0.116539
0.67005,0.116528,0.116528
0.6701,0.116517,0.116517
0.67015,0.116506,0.116506
0.6702,0.116495,0.116495
0.67025,0.116483,0.116483
0.6703,0.116472,0.116472
0.67035,0.116461,0.116461
0.6704,0.11645,0.11645
0.67045,0.116438,0.116438
0.6705,0.116427,0.116427
0.67055,0.116416,0.116416
0.6706,0.116405,0.116405
0.67065,0.116393,0.116393
0.6707,0.116382,0.116382
0.67075,0.116371,0.116371
0.6708,0.11636,0.11636
0.67085,0.116348,0.116348
0.6709,0.116337,0.116337
0.67095,0.116326,0.116326
0.671,0.116315,0.116315
0.67105,0.116303,0.116303
0.6711,0.116292,0.116292
0.67115,0.116281,0.116281
0.6712,0.11627,0.11627
0.67125,0.116258,0.116258
0.6713,0.116247,0.116247
0.67135,0.116236,0.116236
0.6714,0.116225,0.116225
0.67145,0.116213,0.116213
0.6715,0.116202,0.116202
0.67155,0.116191,0.116191
0.6716,0.11618,0.11618
0.67165,0.116168,0.116168
0.6717,0.116157,0.116157
0.67175,0.116146,0.116146
0.6718,0.116134,0.116134
0.67185,0.116123,0.116123
0.6719,0.116112,0.116112
0.67195,0.116101,0.116101
0.672,0.116089,0.116089
0.67205,0.116078,0.116078
0.6721,0.116067,0.116067
0.67215,0.116055,0.116055
0.6722,0.116044,0.116044
0.67225,0.116033,0.116033
0.6723,0.116021,0.116021
0.67235,0.11601,0.11601
0.6724,0.115999,0.115999
0.67245,0.115988,0.115988
0.6725,0.115976,0.115976
0.67255,0.115965,0.115965
0.6726,0.115954,0.115954
0.67265,0.115942,0.115942
0.6727,0.115931,0.115931
0.67275,0.11592,0.11592
0.6728,0.115908,0.115908
0.67285,0.115897,0.115897
0.6729,0.115886,0.115886
0.67295,0.115874,0.115874
0.673,0.115863,0.115863
0.67305,0.115852,0.115852
0.6731,0.11584,0.11584
0.67315,0.115829,0.115829
0.6732,0.115818,0.115818
0.67325,0.115806,0.115806
0.6733,0.115795,0.115795
0.67335,0.115784,0.115784
0.6734,0.115772,0.115772
0.67345,0.115761,0.115761
0.6735,0.11575,0.11575
0.67355,0.115738,0.115738
0.6736,0.115727,0.115727
0.67365,0.115716,0.115716
0.6737,0.115704,0.115704
0.67375,0.115693,0.115693
0.6738,0.115682,0.115682
0.67385,0.11567,0.11567
0.6739,0.115659,0.115659
0.67395,0.115648,0.115648
0.674,0.115636,0.115636
0.67405,0.115625,0.115625
0.6741,0.115614,0.115614
0.67415,0.115602,0.115602
0.6742,0.115591,0.115591
0.67425,0.11558,0.11558
0.6743,0.115568,0.115568
0.67435,0.115557,0.115557
0.6744,0.115545,0.115545
0.67445,0.115534,0.115534
0.6745,0.115523,0.115523
0.67455,0.115511,0.115511
0.6746,0.1155,0.1155
0.67465,0.115489,0.115489
0.6747,0.115477,0.115477
0.67475,0.115466,0.115466
0.6748,0.115454,0.115454
0.67485,0.115443,0.115443
0.6749,0.115432,0.115432
0.67495,0.11542,0.11542
0.675,0.115409,0.115409
0.67505,0.115397,0.115397
0.6751,0.115386,0.115386
0.67515,0.115375,0.115375
0.6752,0.115363,0.115363
0.67525,0.115352,0.115352
0.6753,0.11534,0.11534
0.67535,0.115329,0.115329
0.6754,0.115318,0.115318
0.67545,0.115306,0.115306
0.6755,0.115295,0.115295
0.67555,0.115283,0.115283
0.6756,0.115272,0.115272
0.67565,0.115261,0.115261
0.6757,0.115249,0.115249
0.67575,0.115238,0.115238
0.6758,0.115226,0.115226
0.67585,0.115215,0.115215
0.6759,0.115204,0.115204
0.67595,0.115192,0.115192
0.676,0.115181,0.115181
0.67605,0.115169,0.115169
0.6761,0.115158,0.115158
0.67615,0.115146,0.115146
0.6762,0.115135,0.115135
0.67625,0.115124,0.115124
0.6763,0.115112,0.115112
0.67635,0.115101,0.115101
0.6764,0.115089,0.115089
0.67645,0.115078,0.115078
0.6765,0.115066,0.115066
0.67655,0.115055,0.115055
0.6766,0.115043,0.115043
0.67665,0.115032,0.115032
0.6767,0.115021,0.115021
0.67675,0.115009,0.115009
0.6768,0.114998,0.114998
0.67685,0.114986,0.114986
0.6769,0.114975,0.114975
0.67695,0.114963,0.114963
0.677,0.114952,0.114952
0.67705,0.11494,0.11494
0.6771,0.114929,0.114929
0.67715,0.114917,0.114917
0.6772,0.114906,0.114906
0.67725,0.114895,0.114895
0.6773,0.114883,0.114883
0.67735,0.114872,0.114872
0.6774,0.11486,0.11486
0.67745,0.114849,0.114849
0.6775,0.114837,0.114837
0.67755,0.114826,0.114826
0.6776,0.114814,0.114814
0.67765,0.114803,0.114803
0.6777,0.114791,0.114791
0.67775,0.11478,0.11478
0.6778,0.114768,0.114768
0.67785,0.114757,0.114757
0.6779,0.114745,0.114745
0.67795,0.114734,0.114734
0.678,0.114722,0.114722
0.67805,0.114711,0.114711
0.6781,0.114699,0.114699
0.67815,0.114688,0.114688
0.6782,0.114676,0.114676
0.67825,0.114665,0.114665
0.6783,0.114653,0.114653
0.67835,0.114642,0.114642
0.6784,0.11463,0.11463
0.67845,0.114619,0.114619
0.6785,0.114607,0.114607
0.67855,0.114596,0.114596
0.6786,0.114584,0.114584
0.67865,0.114573,0.114573
0.6787,0.114561,0.114561
0.67875,0.11455,0.11455
0.6788,0.114538,0.114538
0.67885,0.114527,0.114527
0.6789,0.114515,0.114515
0.67895,0.114504,0.114504
0.679,0.114492,0.114492
0.67905,0.114481,0.114481
0.6791,0.114469,0.114469
0.67915,0.114458,0.114458
0.6792,0.114446,0.114446
0.67925,0.114435,0.114435
0.6793,0.114423,0.114423
0.67935,0.114411,0.114411
0.6794,0.1144,0.1144
0.67945,0.114388,0.114388
0.6795,0.114377,0.114377
0.67955,0.114365,0.114365
0.6796,0.114354,0.114354
0.67965,0.114342,0.114342
0.6797,0.114331,0.114331
0.67975,0.114319,0.114319
0.6798,0.114308,0.114308
0.67985,0.114296,0.114296
0.6799,0.114284,0.114284
0.67995,0.114273,0.114273
0.68,0.114261,0.114261
0.68005,0.11425,0.11425
0.6801,0.114238,0.114238
0.68015,0.114227,0.114227
0.6802,0.114215,0.114215
0.68025,0.114204,0.114204
0.6803,0.114192,0.114192
0.68035,0.11418,0.11418
0.6804,0.114169,0.114169
0.68045,0.114157,0.114157
0.6805,0.114146,0.114146
0.68055,0.114134,0.114134
0.6806,0.114122,0.114122
0.68065,0.114111,0.114111
0.6807,0.114099,0.114099
0.68075,0.114088,0.114088
0.6808,0.114076,0.114076
0.68085,0.114065,0.114065
0.6809,0.114053,0.114053
0.68095,0.114041,0.114041
0.681,0.11403,0.11403
0.68105,0.114018,0.114018
0.6811,0.114007,0.114007
0.68115,0.113995,0.113995
0.6812,0.113983,0.113983
0.68125,0.113972,0.113972
0.6813,0.11396,0.11396
0.68135,0.113949,0.113949
0.6814,0.113937,0.113937
0.68145,0.113925,0.113925
0.6815,0.113914,0.113914
0.68155,0.113902,0.113902
0.6816,0.113891,0.113891
0.68165,0.113879,0.113879
0.6817,0.113867,0.113867
0.68175,0.113856,0.113856
0.6818,0.113844,0.113844
0.68185,0.113832,0.113832
0.6819,0.113821,0.113821
0.68195,0.113809,0.113809
0.682,0.113798,0.113798
0.68205,0.113786,0.113786
0.6821,0.113774,0.113774
0.68215,0.113763,0.113763
0.6822,0.113751,0.113751
0.68225,0.113739,0.113739
0.6823,0.113728,0.113728
0.68235,0.113716,0.113716
0.6824,0.113704,0.113704
0.68245,0.113693,0.113693
0.6825,0.113681,0.113681
0.68255,0.11367,0.11367
0.6826,0.113658,0.113658
0.68265,0.113646,0.113646
0.6827,0.113635,0.113635
0.68275,0.113623,0.113623
0.6828,0.113611,0.113611
0.68285,0.1136,0.1136
0.6829,0.113588,0.113588
0.68295,0.113576,0.113576
0.683,0.113565,0.113565
0.68305,0.113553,0.113553
0.6831,0.113541,0.113541
0.68315,0.11353,0.11353
0.6832,0.113518,0.113518
0.68325,0.113506,0.113506
0.6833,0.113495,0.113495
0.68335,0.113483,0.113483
0.6834,0.113471,0.113471
0.68345,0.11346,0.11346
0.6835,0.113448,0.113448
0.68355,0.113436,0.113436
0.6836,0.113425,0.113425
0.68365,0.113413,0.113413
0.6837,0.113401,0.113401
0.68375,0.11339,0.11339
0.6838,0.113378,0.113378
0.68385,0.113366,0.113366
0.6839,0.113354,0.113354
0.68395,0.113343,0.113343
0.684,0.113331,0.113331
0.68405,0.113319,0.113319
0.6841,0.113308,0.113308
0.68415,0.113296,0.113296
0.6842,0.113284,0.113284
0.68425,0.113273,0.113273
0.6843,0.113261,0.113261
0.68435,0.113249,0.113249
0.6844,0.113237,0.113237
0.68445,0.113226,0.113226
0.6845,0.113214,0.113214
0.68455,0.113202,0.113202
0.6846,0.113191,0.113191
0.68465,0.113179,0.113179
0.6847,0.113167,0.113167
0.68475,0.113155,0.113155
0.6848,0.113144,0.113144
0.68485,0.113132,0.113132
0.6849,0.11312,0.11312
0.68495,0.113109,0.113109
0.685,0.113097,0.113097
0.68505,0.113085,0.113085
0.6851,0.113073,0.113073
0.68515,0.113062,0.113062
0.6852,0.11305,0.11305
0.68525,0.113038,0.113038
0.6853,0.113026,0.113026
0.68535,0.113015,0.113015
0.6854,0.113003,0.113003
0.68545,0.112991,0.112991
0.6855,0.112979,0.112979
0.68555,0.112968,0.112968
0.6856,0.112956,0.112956
0.68565,0.112944,0.112944
0.6857,0.112932,0.112932
0.68575,0.112921,0.112921
0.6858,0.112909,0.112909
0.68585,0.112897,0.112897
0.6859,0.112885,0.112885
0.68595,0.112874,0.112874
0.686,0.112862,0.112862
0.68605,0.11285,0.11285
0.6861,0.112838,0.112838
0.68615,0.112827,0.112827
0.6862,0.112815,0.112815
0.68625,0.112803,0.112803
0.6863,0.112791,0.112791
0.68635,0.112779,0.112779
0.6864,0.112768,0.112768
0.68645,0.112756,0.112756
0.6865,0.112744,0.112744
0.68655,0.112732,0.112732
0.6866,0.112721,0.112721
0.68665,0.112709,0.112709
0.6867,0.112697,0.112697
0.68675,0.112685,0.112685
0.6868,0.112673,0.112673
0.68685,0.112662,0.112662
0.6869,0.11265,0.11265
0.68695,0.112638,0.112638
0.687,0.112626,0.112626
0.68705,0.112614,0.112614
0.6871,0.112603,0.112603
0.68715,0.112591,0.112591
0.6872,0.112579,0.112579
0.68725,0.112567,0.112567
0.6873,0.112555,0.112555
0.68735,0.112544,0.112544
0.6874,0.112532,0.112532
0.68745,0.11252,0.11252
0.6875,0.112508,0.112508
0.68755,0.112496,0.112496
0.6876,0.112485,0.112485
0.68765,0.112473,0.112473
0.6877,0.112461,0.112461
0.68775,0.112449,0.112449
0.6878,0.112437,0.112437
0.68785,0.112425,0.112425
0.6879,0.112414,0.112414
0.68795,0.112402,0.112402
0.688,0.11239,0.11239
0.68805,0.112378,0.112378
0.6881,0.112366,0.112366
0.68815,0.112354,0.112354
0.6882,0.112343,0.112343
0.68825,0.112331,0.112331
0.6883,0.112319,0.112319
0.68835,0.112307,0.112307
0.6884,0.112295,0.112295
0.68845,0.112283,0.112283
0.6885,0.112271,0.112271
0.68855,0.11226,0.11226
0.6886,0.112248,0.112248
0.68865,0.112236,0.112236
0.6887,0.112224,0.112224
0.68875,0.112212,0.112212
0.6888,0.1122,0.1122
0.68885,0.112188,0.112188
0.6889,0.112177,0.112177
0.68895,0.112165,0.112165
0.689,0.112153,0.112153
0.68905,0.112141,0.112141
0.6891,0.112129,0.112129
0.68915,0.112117,0.112117
0.6892,0.112105,0.112105
0.68925,0.112094,0.112094
0.6893,0.112082,0.112082
0.68935,0.11207,0.11207
0.6894,0.112058,0.112058
0.68945,0.112046,0.112046
0.6895,0.112034,0.112034
0.68955,0.112022,0.112022
0.6896,0.11201,0.11201
0.68965,0.111998,0.111998
0.6897,0.111987,0.111987
0.68975,0.111975,0.111975
0.6898,0.111963,0.111963
0.68985,0.111951,0.111951
0.6899,0.111939,0.111939
0.68995,0.111927,0.111927
0.69,0.111915,0.111915
0.69005,0.111903,0.111903
0.6901,0.111891,0.111891
0.69015,0.111879,0.111879
0.6902,0.111868,0.111868
0.69025,0.111856,0.111856
0.6903,0.111844,0.111844
0.69035,0.111832,0.111832
0.6904,0.11182,0.11182
0.69045,0.111808,0.111808
0.6905,0.111796,0.111796
0.69055,0.111784,0.111784
0.6906,0.111772,0.111772
0.69065,0.11176,0.11176
0.6907,0.111748,0.111748
0.69075,0.111736,0.111736
0.6908,0.111725,0.111725
0.69085,0.111713,0.111713
0.6909,0.111701,0.111701
0.69095,0.111689,0.111689
0.691,0.111677,0.111677
0.69105,0.111665,0.111665
0.6911,0.111653,0.111653
0.69115,0.111641,0.111641
0.6912,0.111629,0.111629
0.69125,0.111617,0.111617
0.6913,0.111605,0.111605
0.69135,0.111593,0.111593
0.6914,0.111581,0.111581
0.69145,0.111569,0.111569
0.6915,0.111557,0.111557
0.69155,0.111545,0.111545
0.6916,0.111533,0.111533
0.69165,0.111521,0.111521
0.6917,0.111509,0.111509
0.69175,0.111498,0.111498
0.6918,0.111486,0.111486
0.69185,0.111474,0.111474
0.6919,0.111462,0.111462
0.69195,0.11145,0.11145
0.692,0.111438,0.111438
0.69205,0.111426,0.111426
0.6921,0.111414,0.111414
0.69215,0.111402,0.111402
0.6922,0.11139,0.11139
0.69225,0.111378,0.111378
0.6923,0.111366,0.111366
0.69235,0.111354,0.111354
0.6924,0.111342,0.111342
0.69245,0.11133,0.11133
0.6925,0.111318,0.111318
0.69255,0.111306,0.111306
0.6926,0.111294,0.111294
0.69265,0.111282,0.111282
0.6927,0.11127,0.11127
0.69275,0.111258,0.111258
0.6928,0.111246,0.111246
0.69285,0.111234,0.111234
0.6929,0.111222,0.111222
0.69295,0.11121,0.11121
0.693,0.111198,0.111198
0.69305,0.111186,0.111186
0.6931,0.111174,0.111174
0.69315,0.111162,0.111162
0.6932,0.11115,0.11115
0.69325,0.111138,0.111138
0.6933,0.111126,0.111126
0.69335,0.111114,0.111114
0.6934,0.111102,0.111102
0.69345,0.11109,0.11109
0.6935,0.111078,0.111078
0.69355,0.111066,0.111066
0.6936,0.111054,0.111054
0.69365,0.111042,0.111042
0.6937,0.11103,0.11103
0.69375,0.111018,0.111018
0.6938,0.111006,0.111006
0.69385,0.110994,0.110994
0.6939,0.110982,0.110982
0.69395,0.110969,0.110969
0.694,0.110957,0.110957
0.69405,0.110945,0.110945
0.6941,0.110933,0.110933
0.69415,0.110921,0.110921
0.6942,0.110909,0.110909
0.69425,0.110897,0.110897
0.6943,0.110885,0.110885
0.69435,0.110873,0.110873
0.6944,0.110861,0.110861
0.69445,0.110849,0.110849
0.6945,0.110837,0.110837
0.69455,0.110825,0.110825
0.6946,0.110813,0.110813
0.69465,0.110801,0.110801
0.6947,0.110789,0.110789
0.69475,0.110777,0.110777
0.6948,0.110765,0.110765
0.69485,0.110752,0.110752
0.6949,0.11074,0.11074
0.69495,0.110728,0.110728
0.695,0.110716,0.110716
0.69505,0.110704,0.110704
0.6951,0.110692,0.110692
0.69515,0.11068,0.11068
0.6952,0.110668,0.110668
0.69525,0.110656,0.110656
0.6953,0.110644,0.110644
0.69535,0.110632,0.110632
0.6954,0.11062,0.11062
0.69545,0.110608,0.110608
0.6955,0.110595,0.110595
0.69555,0.110583,0.110583
0.6956,0.110571,0.110571
0.69565,0.110559,0.110559
0.6957,0.110547,0.110547
0.69575,0.110535,0.110535
0.6958,0.110523,0.110523
0.69585,0.110511,0.110511
0.6959,0.110499,0.110499
0.69595,0.110487,0.110487
0.696,0.110474,0.110474
0.69605,0.110462,0.110462
0.6961,0.11045,0.11045
0.69615,0.110438,0.110438
0.6962,0.110426,0.110426
0.69625,0.110414,0.110414
0.6963,0.110402,0.110402
0.69635,0.11039,0.11039
0.6964,0.110377,0.110377
0.69645,0.110365,0.110365
0.6965,0.110353,0.110353
0.69655,0.110341,0.110341
0.6966,0.110329,0.110329
0.69665,0.110317,0.110317
0.6967,0.110305,0.110305
0.69675,0.110293,0.110293
0.6968,0.11028,0.11028
0.69685,0.110268,0.110268
0.6969,0.110256,0.110256
0.69695,0.110244,0.110244
0.697,0.110232,0.110232
0.69705,0.11022,0.11022
0.6971,0.110208,0.110208
0.69715,0.110195,0.110195
0.6972,0.110183,0.110183
0.69725,0.110171,0.110171
0.6973,0.110159,0.110159
0.69735,0.110147,0.110147
0.6974,0.110135,0.110135
0.69745,0.110122,0.110122
0.6975,0.11011,0.11011
0.69755,0.110098,0.110098
0.6976,0.110086,0.110086
0.69765,0.110074,0.110074
0.6977,0.110062,0.110062
0.69775,0.110049,0.110049
0.6978,0.110037,0.110037
0.69785,0.110025,0.110025
0.6979,0.110013,0.110013
0.69795,0.110001,0.110001
0.698,0.109989,0.109989
0.69805,0.109976,0.109976
0.6981,0.109964,0.109964
0.69815,0.109952,0.109952
0.6982,0.10994,0.10994
0.69825,0.109928,0.109928
0.6983,0.109915,0.109915
0.69835,0.109903,0.109903
0.6984,0.109891,0.109891
0.69845,0.109879,0.109879
0.6985,0.109867,0.109867
0.69855,0.109855,0.109855
0.6986,0.109842,0.109842
0.69865,0.10983,0.10983
0.6987,0.109818,0.109818
0.69875,0.109806,0.109806
0.6988,0.109793,0.109793
0.69885,0.109781,0.109781
0.6989,0.109769,0.109769
0.69895,0.109757,0.109757
0.699,0.109745,0.109745
0.69905,0.109732,0.109732
0.6991,0.10972,0.10972
0.69915,0.109708,0.109708
0.6992,0.109696,0.109696
0.69925,0.109684,0.109684
0.6993,0.109671,0.109671
0.69935,0.109659,0.109659
0.6994,0.109647,0.109647
0.69945,0.109635,0.109635
0.6995,0.109622,0.109622
0.69955,0.10961,0.10961
0.6996,0.109598,0.109598
0.69965,0.109586,0.109586
0.6997,0.109573,0.109573
0.69975,0.109561,0.109561
0.6998,0.109549,0.109549
0.69985,0.109537,0.109537
0.6999,0.109524,0.109524
0.69995,0.109512,0.109512
0.7,0.1095,0.1095
0.70005,0.109488,0.109488
0.7001,0.109475,0.109475
0.70015,0.109463,0.109463
0.7002,0.109451,0.109451
0.70025,0.109439,0.109439
0.7003,0.109426,0.109426
0.70035,0.109414,0.109414
0.7004,0.109402,0.109402
0.70045,0.10939,0.10939
0.7005,0.109377,0.109377
0.70055,0.109365,0.109365
0.7006,0.109353,0.109353
0.70065,0.109341,0.109341
0.7007,0.109328,0.109328
0.70075,0.109316,0.109316
0.7008,0.109304,0.109304
0.70085,0.109291,0.109291
0.7009,0.109279,0.109279
0.70095,0.109267,0.109267
0.701,0.109255,0.109255
0.70105,0.109242,0.109242
0.7011,0.10923,0.10923
0.70115,0.109218,0.109218
0.7012,0.109205,0.109205
0.70125,0.109193,0.109193
0.7013,0.109181,0.109181
0.70135,0.109169,0.109169
0.7014,0.109156,0.109156
0.70145,0.109144,0.109144
0.7015,0.109132,0.109132
0.70155,0.109119,0.109119
0.7016,0.109107,0.109107
0.70165,0.109095,0.109095
0.7017,0.109082,0.109082
0.70175,0.10907,0.10907
0.7018,0.109058,0.109058
0.70185,0.109046,0.109046
0.7019,0.109033,0.109033
0.70195,0.109021,0.109021
0.702,0.109009,0.109009
0.70205,0.108996,0.108996
0.7021,0.108984,0.108984
0.70215,0.108972,0.108972
0.7022,0.108959,0.108959
0.70225,0.108947,0.108947
0.7023,0.108935,0.108935
0.70235,0.108922,0.108922
0.7024,0.10891,0.10891
0.70245,0.108898,0.108898
0.7025,0.108885,0.108885
0.70255,0.108873,0.108873
0.7026,0.108861,0.108861
0.70265,0.108848,0.108848
0.7027,0.108836,0.108836
0.70275,0.108824,0.108824
0.7028,0.108811,0.108811
0.70285,0.108799,0.108799
0.7029,0.108787,0.108787
0.70295,0.108774,0.108774
0.703,0.108762,0.108762
0.70305,0.108749,0.108749
0.7031,0.108737,0.108737
0.70315,0.108725,0.108725
0.7032,0.108712,0.108712
0.70325,0.1087,0.1087
0.7033,0.108688,0.108688
0.70335,0.108675,0.108675
0.7034,0.108663,0.108663
0.70345,0.108651,0.108651
0.7035,0.108638,0.108638
0.70355,0.108626,0.108626
0.7036,0.108613,0.108613
0.70365,0.108601,0.108601
0.7037,0.108589,0.108589
0.70375,0.108576,0.108576
0.7038,0.108564,0.108564
0.70385,0.108552,0.108552
0.7039,0.108539,0.108539
0.70395,0.108527,0.108527
0.704,0.108514,0.108514
0.70405,0.108502,0.108502
0.7041,0.10849,0.10849
0.70415,0.108477,0.108477
0.7042,0.108465,0.108465
0.70425,0.108452,0.108452
0.7043,0.10844,0.10844
0.70435,0.108428,0.108428
0.7044,0.108415,0.108415
0.70445,0.108403,0.108403
0.7045,0.10839,0.10839
0.70455,0.108378,0.108378
0.7046,0.108366,0.108366
0.70465,0.108353,0.108353
0.7047,0.108341,0.108341
0.70475,0.108328,0.108328
0.7048,0.108316,0.108316
0.70485,0.108303,0.108303
0.7049,0.108291,0.108291
0.70495,0.108279,0.108279
0.705,0.108266,0.108266
0.70505,0.108254,0.108254
0.7051,0.108241,0.108241
0.70515,0.108229,0.108229
0.7052,0.108217,0.108217
0.70525,0.108204,0.108204
0.7053,0.108192,0.108192
0.70535,0.108179,0.108179
0.7054,0.108167,0.108167
0.70545,0.108154,0.108154
0.7055,0.108142,0.108142
0.70555,0.108129,0.108129
0.7056,0.108117,0.108117
0.70565,0.108105,0.108105
0.7057,0.108092,0.108092
0.70575,0.10808,0.10808
0.7058,0.108067,0.108067
0.70585,0.108055,0.108055
0.7059,0.108042,0.108042
0.70595,0.10803,0.10803
0.706,0.108017,0.108017
0.70605,0.108005,0.108005
0.7061,0.107992,0.107992
0.70615,0.10798,0.10798
0.7062,0.107968,0.107968
0.70625,0.107955,0.107955
0.7063,0.107943,0.107943
0.70635,0.10793,0.10793
0.7064,0.107918,0.107918
0.70645,0.107905,0.107905
0.7065,0.107893,0.107893
0.70655,0.10788,0.10788
0.7066,0.107868,0.107868
0.70665,0.107855,0.107855
0.7067,0.107843,0.107843
0.70675,0.10783,0.10783
0.7068,0.107818,0.107818
0.70685,0.107805,0.107805
0.7069,0.107793,0.107793
0.70695,0.10778,0.10778
0.707,0.107768,0.107768
0.70705,0.107755,0.107755
0.7071,0.107743,0.107743
0.70715,0.10773,0.10773
0.7072,0.107718,0.107718
0.70725,0.107705,0.107705
0.7073,0.107693,0.107693
0.70735,0.10768,0.10768
0.7074,0.107668,0.107668
0.70745,0.107655,0.107655
0.7075,0.107643,0.107643
0.70755,0.10763,0.10763
0.7076,0.107618,0.107618
0.70765,0.107605,0.107605
0.7077,0.107593,0.107593
0.70775,0.10758,0.10758
0.7078,0.107568,0.107568
0.70785,0.107555,0.107555
0.7079,0.107543,0.107543
0.70795,0.10753,0.10753
0.708,0.107518,0.107518
0.70805,0.107505,0.107505
0.7081,0.107492,0.107492
0.70815,0.10748,0.10748
0.7082,0.107467,0.107467
0.70825,0.107455,0.107455
0.7083,0.107442,0.107442
0.70835,0.10743,0.10743
0.7084,0.107417,0.107417
0.70845,0.107405,0.107405
0.7085,0.107392,0.107392
0.70855,0.10738,0.10738
0.7086,0.107367,0.107367
0.70865,0.107354,0.107354
0.7087,0.107342,0.107342
0.70875,0.107329,0.107329
0.7088,0.107317,0.107317
0.70885,0.107304,0.107304
0.7089,0.107292,0.107292
0.70895,0.107279,0.107279
0.709,0.107267,0.107267
0.70905,0.107254,0.107254
0.7091,0.107241,0.107241
0.70915,0.107229,0.107229
0.7092,0.107216,0.107216
0.70925,0.107204,0.107204
0.7093,0.107191,0.107191
0.70935,0.107179,0.107179
0.7094,0.107166,0.107166
0.70945,0.107153,0.107153
0.7095,0.107141,0.107141
0.70955,0.107128,0.107128
0.7096,0.107116,0.107116
0.70965,0.107103,0.107103
0.7097,0.10709,0.10709
0.70975,0.107078,0.107078
0.7098,0.107065,0.107065
0.70985,0.107053,0.107053
0.7099,0.10704,0.10704
0.70995,0.107027,0.107027
0.71,0.107015,0.107015
0.71005,0.107002,0.107002
0.7101,0.10699,0.10699
0.71015,0.106977,0.106977
0.7102,0.106964,0.106964
0.71025,0.106952,0.106952
0.7103,0.106939,0.106939
0.71035,0.106927,0.106927
0.7104,0.106914,0.106914
0.71045,0.106901,0.106901
0.7105,0.106889,0.106889
0.71055,0.106876,0.106876
0.7106,0.106863,0.106863
0.71065,0.106851,0.106851
0.7107,0.106838,0.106838
0.71075,0.106826,0.106826
0.7108,0.106813,0.106813
0.71085,0.1068,0.1068
0.7109,0.106788,0.106788
0.71095,0.106775,0.106775
0.711,0.106762,0.106762
0.71105,0.10675,0.10675
0.7111,0.106737,0.106737
0.71115,0.106725,0.106725
0.7112,0.106712,0.106712
0.71125,0.106699,0.106699
0.7113,0.106687,0.106687
0.71135,0.106674,0.106674
0.7114,0.106661,0.106661
0.71145,0.106649,0.106649
0.7115,0.106636,0.106636
0.71155,0.106623,0.106623
0.7116,0.106611,0.106611
0.71165,0.106598,0.106598
0.7117,0.106585,0.106585
0.71175,0.106573,0.106573
0.7118,0.10656,0.10656
0.71185,0.106547,0.106547
0.7119,0.106535,0.106535
0.71195,0.106522,0.106522
0.712,0.106509,0.106509
0.71205,0.106497,0.106497
0.7121,0.106484,0.106484
0.71215,0.106471,0.106471
0.7122,0.106459,0.106459
0.71225,0.106446,0.106446
0.7123,0.106433,0.106433
0.71235,0.106421,0.106421
0.7124,0.106408,0.106408
0.71245,0.106395,0.106395
0.7125,0.106382,0.106382
0.71255,0.10637,0.10637
0.7126,0.106357,0.106357
0.71265,0.106344,0.106344
0.7127,0.106332,0.106332
0.71275,0.106319,0.106319
0.7128,0.106306,0.106306
0.71285,0.106294,0.106294
0.7129,0.106281,0.106281
0.71295,0.106268,0.106268
0.713,0.106255,0.106255
0.71305,0.106243,0.106243
0.7131,0.10623,0.10623
0.71315,0.106217,0.106217
0.7132,0.106205,0.106205
0.71325,0.106192,0.106192
0.7133,0.106179,0.106179
0.71335,0.106166,0.106166
0.7134,0.106154,0.106154
0.71345,0.106141,0.106141
0.7135,0.106128,0.106128
0.71355,0.106116,0.106116
0.7136,0.106103,0.106103
0.71365,0.10609,0.10609
0.7137,0.106077,0.106077
0.71375,0.106065,0.106065
0.7138,0.106052,0.106052
0.71385,0.106039,0.106039
0.7139,0.106026,0.106026
0.71395,0.106014,0.106014
0.714,0.106001,0.106001
0.71405,0.105988,0.105988
0.7141,0.105975,0.105975
0.71415,0.105963,0.105963
0.7142,0.10595,0.10595
0.71425,0.105937,0.105937
0.7143,0.105924,0.105924
0.71435,0.105912,0.105912
0.7144,0.105899,0.105899
0.71445,0.105886,0.105886
0.7145,0.105873,0.105873
0.71455,0.105861,0.105861
0.7146,0.105848,0.105848
0.71465,0.105835,0.105835
0.7147,0.105822,0.105822
0.71475,0.10581,0.10581
0.7148,0.105797,0.105797
0.71485,0.105784,0.105784
0.7149,0.105771,0.105771
0.71495,0.105758,0.105758
0.715,0.105746,0.105746
0.71505,0.105733,0.105733
0.7151,0.10572,0.10572
0.71515,0.105707,0.105707
0.7152,0.105695,0.105695
0.71525,0.105682,0.105682
0.7153,0.105669,0.105669
0.71535,0.105656,0.105656
0.7154,0.105643,0.105643
0.71545,0.105631,0.105631
0.7155,0.105618,0.105618
0.71555,0.105605,0.105605
0.7156,0.105592,0.105592
0.71565,0.105579,0.105579
0.7157,0.105567,0.105567
0.71575,0.105554,0.105554
0.7158,0.105541,0.105541
0.71585,0.105528,0.105528
0.7159,0.105515,0.105515
0.71595,0.105503,0.105503
0.716,0.10549,0.10549
0.71605,0.105477,0.105477
0.7161,0.105464,0.105464
0.71615,0.105451,0.105451
0.7162,0.105438,0.105438
0.71625,0.105426,0.105426
0.7163,0.105413,0.105413
0.71635,0.1054,0.1054
0.7164,0.105387,0.105387
0.71645,0.105374,0.105374
0.7165,0.105361,0.105361
0.71655,0.105349,0.105349
0.7166,0.105336,0.105336
0.71665,0.105323,0.105323
0.7167,0.10531,0.10531
0.71675,0.105297,0.105297
0.7168,0.105284,0.105284
0.71685,0.105272,0.105272
0.7169,0.105259,0.105259
0.71695,0.105246,0.105246
0.717,0.105233,0.105233
0.71705,0.10522,0.10522
0.7171,0.105207,0.105207
0.71715,0.105194,0.105194
0.7172,0.105182,0.105182
0.71725,0.105169,0.105169
0.7173,0.105156,0.105156
0.71735,0.105143,0.105143
0.7174,0.10513,0.10513
0.71745,0.105117,0.105117
0.7175,0.105104,0.105104
0.71755,0.105092,0.105092
0.7176,0.105079,0.105079
0.71765,0.105066,0.105066
0.7177,0.105053,0.105053
0.71775,0.10504,0.10504
0.7178,0.105027,0.105027
0.71785,0.105014,0.105014
0.7179,0.105001,0.105001
0.71795,0.104989,0.104989
0.718,0.104976,0.104976
0.71805,0.104963,0.104963
0.7181,0.10495,0.10495
0.71815,0.104937,0.104937
0.7182,0.104924,0.104924
0.71825,0.104911,0.104911
0.7183,0.104898,0.104898
0.71835,0.104885,0.104885
0.7184,0.104872,0.104872
0.71845,0.10486,0.10486
0.7185,0.104847,0.104847
0.71855,0.104834,0.104834
0.7186,0.104821,0.104821
0.71865,0.104808,0.104808
0.7187,0.104795,0.104795
0.71875,0.104782,0.104782
0.7188,0.104769,0.104769
0.71885,0.104756,0.104756
0.7189,0.104743,0.104743
0.71895,0.10473,0.10473
0.719,0.104718,0.104718
0.71905,0.104705,0.104705
0.7191,0.104692,0.104692
0.71915,0.104679,0.104679
0.7192,0.104666,0.104666
0.71925,0.104653,0.104653
0.7193,0.10464,0.10464
0.71935,0.104627,0.104627
0.7194,0.104614,0.104614
0.71945,0.104601,0.104601
0.7195,0.104588,0.104588
0.71955,0.104575,0.104575
0.7196,0.104562,0.104562
0.71965,0.104549,0.104549
0.7197,0.104536,0.104536
0.71975,0.104523,0.104523
0.7198,0.10451,0.10451
0.71985,0.104498,0.104498
0.7199,0.104485,0.104485
0.71995,0.104472,0.104472
0.72,0.104459,0.104459
0.72005,0.104446,0.104446
0.7201,0.104433,0.104433
0.72015,0.10442,0.10442
0.7202,0.104407,0.104407
0.72025,0.104394,0.104394
0.7203,0.104381,0.104381
0.72035,0.104368,0.104368
0.7204,0.104355,0.104355
0.72045,0.104342,0.104342
0.7205,0.104329,0.104329
0.72055,0.104316,0.104316
0.7206,0.104303,0.104303
0.72065,0.10429,0.10429
0.7207,0.104277,0.104277
0.72075,0.104264,0.104264
0.7208,0.104251,0.104251
0.72085,0.104238,0.104238
0.7209,0.104225,0.104225
0.72095,0.104212,0.104212
0.721,0.104199,0.104199
0.72105,0.104186,0.104186
0.7211,0.104173,0.104173
0.72115,0.10416,0.10416
0.7212,0.104147,0.104147
0.72125,0.104134,0.104134
0.7213,0.104121,0.104121
0.72135,0.104108,0.104108
0.7214,0.104095,0.104095
0.72145,0.104082,0.104082
0.7215,0.104069,0.104069
0.72155,0.104056,0.104056
0.7216,0.104043,0.104043
0.72165,0.10403,0.10403
0.7217,0.104017,0.104017
0.72175,0.104004,0.104004
0.7218,0.103991,0.103991
0.72185,0.103978,0.103978
0.7219,0.103965,0.103965
0.72195,0.103952,0.103952
0.722,0.103939,0.103939
0.72205,0.103926,0.103926
0.7221,0.103913,0.103913
0.72215,0.1039,0.1039
0.7222,0.103887,0.103887
0.72225,0.103874,0.103874
0.7223,0.103861,0.103861
0.72235,0.103848,0.103848
0.7224,0.103835,0.103835
0.72245,0.103821,0.103821
0.7225,0.103808,0.103808
0.72255,0.103795,0.103795
0.7226,0.103782,0.103782
0.72265,0.103769,0.103769
0.7227,0.103756,0.103756
0.72275,0.103743,0.103743
0.7228,0.10373,0.10373
0.72285,0.103717,0.103717
0.7229,0.103704,0.103704
0.72295,0.103691,0.103691
0.723,0.103678,0.103678
0.72305,0.103665,0.103665
0.7231,0.103652,0.103652
0.72315,0.103639,0.103639
0.7232,0.103626,0.103626
0.72325,0.103612,0.103612
0.7233,0.103599,0.103599
0.72335,0.103586,0.103586
0.7234,0.103573,0.103573
0.72345,0.10356,0.10356
0.7235,0.103547,0.103547
0.72355,0.103534,0.103534
0.7236,0.103521,0.103521
0.72365,0.103508,0.103508
0.7237,0.103495,0.103495
0.72375,0.103482,0.103482
0.7238,0.103468,0.103468
0.72385,0.103455,0.103455
0.7239,0.103442,0.103442
0.72395,0.103429,0.103429
0.724,0.103416,0.103416
0.72405,0.103403,0.103403
0.7241,0.10339,0.10339
0.72415,0.103377,0.103377
0.7242,0.103364,0.103364
0.72425,0.103351,0.103351
0.7243,0.103337,0.103337
0.72435,0.103324,0.103324
0.7244,0.103311,0.103311
0.72445,0.103298,0.103298
0.7245,0.103285,0.103285
0.72455,0.103272,0.103272
0.7246,0.103259,0.103259
0.72465,0.103246,0.103246
0.7247,0.103232,0.103232
0.72475,0.103219,0.103219
0.7248,0.103206,0.103206
0.72485,0.103193,0.103193
0.7249,0.10318,0.10318
0.72495,0.103167,0.103167
0.725,0.103154,0.103154
0.72505,0.103141,0.103141
0.7251,0.103127,0.103127
0.72515,0.103114,0.103114
0.7252,0.103101,0.103101
0.72525,0.103088,0.103088
0.7253,0.103075,0.103075
0.72535,0.103062,0.103062
0.7254,0.103048,0.103048
0.72545,0.103035,0.103035
0.7255,0.103022,0.103022
0.72555,0.103009,0.103009
0.7256,0.102996,0.102996
0.72565,0.102983,0.102983
0.7257,0.102969,0.102969
0.72575,0.102956,0.102956
0.7258,0.102943,0.102943
0.72585,0.10293,0.10293
0.7259,0.102917,0.102917
0.72595,0.102904,0.102904
0.726,0.10289,0.10289
0.72605,0.102877,0.102877
0.7261,0.102864,0.102864
0.72615,0.102851,0.102851
0.7262,0.102838,0.102838
0.72625,0.102825,0.102825
0.7263,0.102811,0.102811
0.72635,0.102798,0.102798
0.7264,0.102785,0.102785
0.72645,0.102772,0.102772
0.7265,0.102759,0.102759
0.72655,0.102745,0.102745
0.7266,0.102732,0.102732
0.72665,0.102719,0.102719
0.7267,0.102706,0.102706
0.72675,0.102693,0.102693
0.7268,0.102679,0.102679
0.72685,0.102666,0.102666
0.7269,0.102653,0.102653
0.72695,0.10264,0.10264
0.727,0.102627,0.102627
0.72705,0.102613,0.102613
0.7271,0.1026,0.1026
0.72715,0.102587,0.102587
0.7272,0.102574,0.102574
0.72725,0.10256,0.10256
0.7273,0.102547,0.102547
0.72735,0.102534,0.102534
0.7274,0.102521,0.102521
0.72745,0.102508,0.102508
0.7275,0.102494,0.102494
0.72755,0.102481,0.102481
0.7276,0.102468,0.102468
0.72765,0.102455,0.102455
0.7277,0.102441,0.102441
0.72775,0.102428,0.102428
0.7278,0.102415,0.102415
0.72785,0.102402,0.102402
0.7279,0.102388,0.102388
0.72795,0.102375,0.102375
0.728,0.102362,0.102362
0.72805,0.102349,0.102349
0.7281,0.102335,0.102335
0.72815,0.102322,0.102322
0.7282,0.102309,0.102309
0.72825,0.102296,0.102296
0.7283,0.102282,0.102282
0.72835,0.102269,0.102269
0.7284,0.102256,0.102256
0.72845,0.102243,0.102243
0.7285,0.102229,0.102229
0.72855,0.102216,0.102216
0.7286,0.102203,0.102203
0.72865,0.10219,0.10219
0.7287,0.102176,0.102176
0.72875,0.102163,0.102163
0.7288,0.10215,0.10215
0.72885,0.102136,0.102136
0.7289,0.102123,0.102123
0.72895,0.10211,0.10211
0.729,0.102097,0.102097
0.72905,0.102083,0.102083
0.7291,0.10207,0.10207
0.72915,0.102057,0.102057
0.7292,0.102043,0.102043
0.72925,0.10203,0.10203
0.7293,0.102017,0.102017
0.72935,0.102004,0.102004
0.7294,0.10199,0.10199
0.72945,0.101977,0.101977
0.7295,0.101964,0.101964
0.72955,0.10195,0.10195
0.7296,0.101937,0.101937
0.72965,0.101924,0.101924
0.7297,0.10191,0.10191
0.72975,0.101897,0.101897
0.7298,0.101884,0.101884
0.72985,0.10187,0.10187
0.7299,0.101857,0.101857
0.72995,0.101844,0.101844
0.73,0.10183,0.101831
0.73005,0.101817,0.101817
0.7301,0.101804,0.101804
0.73015,0.101791,0.101791
0.7302,0.101777,0.101777
0.73025,0.101764,0.101764
0.7303,0.101751,0.101751
0.73035,0.101737,0.101737
0.7304,0.101724,0.101724
0.73045,0.101711,0.101711
0.7305,0.101697,0.101697
0.73055,0.101684,0.101684
0.7306,0.10167,0.10167
0.73065,0.101657,0.101657
0.7307,0.101644,0.101644
0.73075,0.10163,0.10163
0.7308,0.101617,0.101617
0.73085,0.101604,0.101604
0.7309,0.10159,0.10159
0.73095,0.101577,0.101577
0.731,0.101564,0.101564
0.73105,0.10155,0.10155
0.7311,0.101537,0.101537
0.73115,0.101524,0.101524
0.7312,0.10151,0.10151
0.73125,0.101497,0.101497
0.7313,0.101483,0.101483
0.73135,0.10147,0.10147
0.7314,0.101457,0.101457
0.73145,0.101443,0.101443
0.7315,0.10143,0.10143
0.73155,0.101417,0.101417
0.7316,0.101403,0.101403
0.73165,0.10139,0.10139
0.7317,0.101376,0.101376
0.73175,0.101363,0.101363
0.7318,0.10135,0.10135
0.73185,0.101336,0.101336
0.7319,0.101323,0.101323
0.73195,0.10131,0.10131
0.732,0.101296,0.101296
0.73205,0.101283,0.101283
0.7321,0.101269,0.101269
0.73215,0.101256,0.101256
0.7322,0.101243,0.101243
0.73225,0.101229,0.101229
0.7323,0.101216,0.101216
0.73235,0.101202,0.101202
0.7324,0.101189,0.101189
0.73245,0.101176,0.101176
0.7325,0.101162,0.101162
0.73255,0.101149,0.101149
0.7326,0.101135,0.101135
0.73265,0.101122,0.101122
0.7327,0.101108,0.101108
0.73275,0.101095,0.101095
0.7328,0.101082,0.101082
0.73285,0.101068,0.101068
0.7329,0.101055,0.101055
0.73295,0.101041,0.101041
0.733,0.101028,0.101028
0.73305,0.101014,0.101014
0.7331,0.101001,0.101001
0.73315,0.100988,0.100988
0.7332,0.100974,0.100974
0.73325,0.100961,0.100961
0.7333,0.100947,0.100947
0.73335,0.100934,0.100934
0.7334,0.10092,0.10092
0.73345,0.100907,0.100907
0.7335,0.100893,0.100893
0.73355,0.10088,0.10088
0.7336,0.100867,0.100867
0.73365,0.100853,0.100853
0.7337,0.10084,0.10084
0.73375,0.100826,0.100826
0.7338,0.100813,0.100813
0.73385,0.100799,0.100799
0.7339,0.100786,0.100786
0.73395,0.100772,0.100772
0.734,0.100759,0.100759
0.73405,0.100745,0.100745
0.7341,0.100732,0.100732
0.73415,0.100718,0.100718
0.7342,0.100705,0.100705
0.73425,0.100691,0.100691
0.7343,0.100678,0.100678
0.73435,0.100665,0.100665
0.7344,0.100651,0.100651
0.73445,0.100638,0.100638
0.7345,0.100624,0.100624
0.73455,0.100611,0.100611
0.7346,0.100597,0.100597
0.73465,0.100584,0.100584
0.7347,0.10057,0.10057
0.73475,0.100557,0.100557
0.7348,0.100543,0.100543
0.73485,0.10053,0.10053
0.7349,0.100516,0.100516
0.73495,0.100503,0.100503
0.735,0.100489,0.100489
0.73505,0.100476,0.100476
0.7351,0.100462,0.100462
0.73515,0.100449,0.100449
0.7352,0.100435,0.100435
0.73525,0.100422,0.100422
0.7353,0.100408,0.100408
0.73535,0.100395,0.100395
0.7354,0.100381,0.100381
0.73545,0.100367,0.100367
0.7355,0.100354,0.100354
0.73555,0.10034,0.10034
0.7356,0.100327,0.100327
0.73565,0.100313,0.100313
0.7357,0.1003,0.1003
0.73575,0.100286,0.100286
0.7358,0.100273,0.100273
0.73585,0.100259,0.100259
0.7359,0.100246,0.100246
0.73595,0.100232,0.100232
0.736,0.100219,0.100219
0.73605,0.100205,0.100205
0.7361,0.100192,0.100192
0.73615,0.100178,0.100178
0.7362,0.100164,0.100164
0.73625,0.100151,0.100151
0.7363,0.100137,0.100137
0.73635,0.100124,0.100124
0.7364,0.10011,0.10011
0.73645,0.100097,0.100097
0.7365,0.100083,0.100083
0.73655,0.10007,0.10007
0.7366,0.100056,0.100056
0.73665,0.100042,0.100042
0.7367,0.100029,0.100029
0.73675,0.100015,0.100015
0.7368,0.100002,0.100002
0.73685,0.0999881,0.0999881
0.7369,0.0999746,0.0999746
0.73695,0.099961,0.099961
0.737,0.0999474,0.0999474
0.73705,0.0999338,0.0999338
0.7371,0.0999202,0.0999202
0.73715,0.0999067,0.0999067
0.7372,0.0998931,0.0998931
0.73725,0.0998795,0.0998795
0.7373,0.0998659,0.0998659
0.73735,0.0998523,0.0998523
0.7374,0.0998387,0.0998387
0.73745,0.0998251,0.0998251
0.7375,0.0998115,0.0998115
0.73755,0.0997979,0.0997979
0.7376,0.0997843,0.0997843
0.73765,0.0997707,0.0997707
0.7377,0.0997571,0.0997571
0.73775,0.0997435,0.0997435
0.7378,0.0997299,0.0997299
0.73785,0.0997163,0.0997163
0.7379,0.0997027,0.0997027
0.73795,0.0996891,0.0996891
0.738,0.0996755,0.0996755
0.73805,0.0996618,0.0996618
0.7381,0.0996482,0.0996482
0.73815,0.0996346,0.0996346
0.7382,0.099621,0.099621
0.73825,0.0996074,0.0996074
0.7383,0.0995937,0.0995937
0.73835,0.0995801,0.0995801
0.7384,0.0995665,0.0995665
0.73845,0.0995528,0.0995528
0.7385,0.0995392,0.0995392
0.73855,0.0995256,0.0995256
0.7386,0.0995119,0.0995119
0.73865,0.0994983,0.0994983
0.7387,0.0994846,0.0994846
0.73875,0.099471,0.099471
0.7388,0.0994574,0.0994574
0.73885,0.0994437,0.0994437
0.7389,0.0994301,0.0994301
0.73895,0.0994164,0.0994164
0.739,0.0994028,0.0994028
0.73905,0.0993891,0.0993891
0.7391,0.0993755,0.0993755
0.73915,0.0993618,0.0993618
0.7392,0.0993481,0.0993481
0.73925,0.0993345,0.0993345
0.7393,0.0993208,0.0993208
0.73935,0.0993071,0.0993071
0.7394,0.0992935,0.0992935
0.73945,0.0992798,0.0992798
0.7395,0.0992661,0.0992661
0.73955,0.0992525,0.0992525
0.7396,0.0992388,0.0992388
0.73965,0.0992251,0.0992251
0.7397,0.0992114,0.0992114
0.73975,0.0991978,0.0991978
0.7398,0.0991841,0.0991841
0.73985,0.0991704,0.0991704
0.7399,0.0991567,0.0991567
0.73995,0.099143,0.099143
0.74,0.0991293,0.0991293
0.74005,0.0991156,0.0991156
0.7401,0.0991019,0.0991019
0.74015,0.0990883,0.0990883
0.7402,0.0990746,0.0990746
0.74025,0.0990609,0.0990609
0.7403,0.0990472,0.0990472
0.74035,0.0990335,0.0990335
0.7404,0.0990198,0.0990198
0.74045,0.099006,0.099006
0.7405,0.0989923,0.0989923
0.74055,0.0989786,0.0989786
0.7406,0.0989649,0.0989649
0.74065,0.0989512,0.0989512
0.7407,0.0989375,0.0989375
0.74075,0.0989238,0.0989238
0.7408,0.0989101,0.0989101
0.74085,0.0988963,0.0988963
0.7409,0.0988826,0.0988826
0.74095,0.0988689,0.0988689
0.741,0.0988552,0.0988552
0.74105,0.0988414,0.0988414
0.7411,0.0988277,0.0988277
0.74115,0.098814,0.098814
0.7412,0.0988002,0.0988002
0.74125,0.0987865,0.0987865
0.7413,0.0987728,0.0987728
0.74135,0.098759,0.098759
0.7414,0.0987453,0.0987453
0.74145,0.0987315,0.0987315
0.7415,0.0987178,0.0987178
0.74155,0.0987041,0.0987041
0.7416,0.0986903,0.0986903
0.74165,0.0986766,0.0986766
0.7417,0.0986628,0.0986628
0.74175,0.098649,0.098649
0.7418,0.0986353,0.0986353
0.74185,0.0986215,0.0986215
0.7419,0.0986078,0.0986078
0.74195,0.098594,0.098594
0.742,0.0985803,0.0985803
0.74205,0.0985665,0.0985665
0.7421,0.0985527,0.0985527
0.74215,0.098539,0.098539
0.7422,0.0985252,0.0985252
0.74225,0.0985114,0.0985114
0.7423,0.0984976,0.0984976
0.74235,0.0984839,0.0984839
0.7424,0.0984701,0.0984701
0.74245,0.0984563,0.0984563
0.7425,0.0984425,0.0984425
0.74255,0.0984287,0.0984287
0.7426,0.0984149,0.0984149
0.74265,0.0984012,0.0984012
0.7427,0.0983874,0.0983874
0.74275,0.0983736,0.0983736
0.7428,0.0983598,0.0983598
0.74285,0.098346,0.098346
0.7429,0.0983322,0.0983322
0.74295,0.0983184,0.0983184
0.743,0.0983046,0.0983046
0.74305,0.0982908,0.0982908
0.7431,0.098277,0.098277
0.74315,0.0982632,0.0982632
0.7432,0.0982494,0.0982494
0.74325,0.0982356,0.0982356
0.7433,0.0982218,0.0982218
0.74335,0.0982079,0.0982079
0.7434,0.0981941,0.0981941
0.74345,0.0981803,0.0981803
0.7435,0.0981665,0.0981665
0.74355,0.0981527,0.0981527
0.7436,0.0981389,0.0981389
0.74365,0.098125,0.098125
0.7437,0.0981112,0.0981112
0.74375,0.0980974,0.0980974
0.7438,0.0980835,0.0980835
0.74385,0.0980697,0.0980697
0.7439,0.0980559,0.0980559
0.74395,0.098042,0.098042
0.744,0.0980282,0.0980282
0.74405,0.0980144,0.0980144
0.7441,0.0980005,0.0980005
0.74415,0.0979867,0.0979867
0.7442,0.0979728,0.0979728
0.74425,0.097959,0.097959
0.7443,0.0979451,0.0979451
0.74435,0.0979313,0.0979313
0.7444,0.0979174,0.0979174
0.74445,0.0979036,0.0979036
0.7445,0.0978897,0.0978897
0.74455,0.0978759,0.0978759
0.7446,0.097862,0.097862
0.74465,0.0978481,0.0978481
0.7447,0.0978343,0.0978343
0.74475,0.0978204,0.0978204
0.7448,0.0978065,0.0978066
0.74485,0.0977927,0.0977927
0.7449,0.0977788,0.0977788
0.74495,0.0977649,0.0977649
0.745,0.0977511,0.0977511
0.74505,0.0977372,0.0977372
0.7451,0.0977233,0.0977233
0.74515,0.0977094,0.0977094
0.7452,0.0976955,0.0976955
0.74525,0.0976817,0.0976817
0.7453,0.0976678,0.0976678
0.74535,0.0976539,0.0976539
0.7454,0.09764,0.09764
0.74545,0.0976261,0.0976261
0.7455,0.0976122,0.0976122
0.74555,0.0975983,0.0975983
0.7456,0.0975844,0.0975844
0.74565,0.0975705,0.0975705
0.7457,0.0975566,0.0975566
0.74575,0.0975427,0.0975427
0.7458,0.0975288,0.0975288
0.74585,0.0975149,0.0975149
0.7459,0.097501,0.097501
0.74595,0.0974871,0.0974871
0.746,0.0974732,0.0974732
0.74605,0.0974593,0.0974593
0.7461,0.0974453,0.0974453
0.74615,0.0974314,0.0974314
0.7462,0.0974175,0.0974175
0.74625,0.0974036,0.0974036
0.7463,0.0973897,0.0973897
0.74635,0.0973757,0.0973757
0.7464,0.0973618,0.0973618
0.74645,0.0973479,0.0973479
0.7465,0.097334,0.097334
0.74655,0.09732,0.09732
0.7466,0.0973061,0.0973061
0.74665,0.0972922,0.0972922
0.7467,0.0972782,0.0972782
0.74675,0.0972643,0.0972643
0.7468,0.0972503,0.0972503
0.74685,0.0972364,0.0972364
0.7469,0.0972224,0.0972224
0.74695,0.0972085,0.0972085
0.747,0.0971945,0.0971945
0.74705,0.0971806,0.0971806
0.7471,0.0971666,0.0971666
0.74715,0.0971527,0.0971527
0.7472,0.0971387,0.0971387
0.74725,0.0971248,0.0971248
0.7473,0.0971108,0.0971108
0.74735,0.0970968,0.0970968
0.7474,0.0970829,0.0970829
0.74745,0.0970689,0.0970689
0.7475,0.097055,0.097055
0.74755,0.097041,0.097041
0.7476,0.097027,0.097027
0.74765,0.097013,0.097013
0.7477,0.0969991,0.0969991
0.74775,0.0969851,0.0969851
0.7478,0.0969711,0.0969711
0.74785,0.0969571,0.0969571
0.7479,0.0969431,0.0969431
0.74795,0.0969292,0.0969292
0.748,0.0969152,0.0969152
0.74805,0.0969012,0.0969012
0.7481,0.0968872,0.0968872
0.74815,0.0968732,0.0968732
0.7482,0.0968592,0.0968592
0.74825,0.0968452,0.0968452
0.7483,0.0968312,0.0968312
0.74835,0.0968172,0.0968172
0.7484,0.0968032,0.0968032
0.74845,0.0967892,0.0967892
0.7485,0.0967752,0.0967752
0.74855,0.0967612,0.0967612
0.7486,0.0967472,0.0967472
0.74865,0.0967332,0.0967332
0.7487,0.0967192,0.0967192
0.74875,0.0967051,0.0967051
0.7488,0.0966911,0.0966911
0.74885,0.0966771,0.0966771
0.7489,0.0966631,0.0966631
0.74895,0.0966491,0.0966491
0.749,0.096635,0.096635
0.74905,0.096621,0.096621
0.7491,0.096607,0.096607
0.74915,0.096593,0.096593
0.7492,0.0965789,0.0965789
0.74925,0.0965649,0.0965649
0.7493,0.0965509,0.0965509
0.74935,0.0965368,0.0965368
0.7494,0.0965228,0.0965228
0.74945,0.0965087,0.0965087
0.7495,0.0964947,0.0964947
0.74955,0.0964807,0.0964807
0.7496,0.0964666,0.0964666
0.74965,0.0964526,0.0964526
0.7497,0.0964385,0.0964385
0.74975,0.0964245,0.0964245
0.7498,0.0964104,0.0964104
0.74985,0.0963963,0.0963963
0.7499,0.0963823,0.0963823
0.74995,0.0963682,0.0963682
0.75,0.0963542,0.0963542
0.75005,0.0963401,0.0963401
0.7501,0.096326,0.096326
0.75015,0.096312,0.096312
0.7502,0.0962979,0.0962979
0.75025,0.0962838,0.0962838
0.7503,0.0962698,0.0962698
0.75035,0.0962557,0.0962557
0.7504,0.0962416,0.0962416
0.75045,0.0962275,0.0962275
0.7505,0.0962134,0.0962134
0.75055,0.0961994,0.0961994
0.7506,0.0961853,0.0961853
0.75065,0.0961712,0.0961712
0.7507,0.0961571,0.0961571
0.75075,0.096143,0.096143
0.7508,0.0961289,0.0961289
0.75085,0.0961148,0.0961148
0.7509,0.0961007,0.0961007
0.75095,0.0960866,0.0960866
0.751,0.0960725,0.0960725
0.75105,0.0960584,0.0960584
0.7511,0.0960443,0.0960443
0.75115,0.0960302,0.0960302
0.7512,0.0960161,0.0960161
0.75125,0.096002,0.096002
0.7513,0.0959879,0.0959879
0.75135,0.0959738,0.0959738
0.7514,0.0959597,0.0959597
0.75145,0.0959456,0.0959456
0.7515,0.0959314,0.0959314
0.75155,0.0959173,0.0959173
0.7516,0.0959032,0.0959032
0.75165,0.0958891,0.0958891
0.7517,0.095875,0.095875
0.75175,0.0958608,0.0958608
0.7518,0.0958467,0.0958467
0.75185,0.0958326,0.0958326
0.7519,0.0958184,0.0958184
0.75195,0.0958043,0.0958043
0.752,0.0957902,0.0957902
0.75205,0.095776,0.095776
0.7521,0.0957619,0.0957619
0.75215,0.0957477,0.0957477
0.7522,0.0957336,0.0957336
0.75225,0.0957195,0.0957195
0.7523,0.0957053,0.0957053
0.75235,0.0956912,0.0956912
0.7524,0.095677,0.095677
0.75245,0.0956628,0.0956629
0.7525,0.0956487,0.0956487
0.75255,0.0956345,0.0956345
0.7526,0.0956204,0.0956204
0.75265,0.0956062,0.0956062
0.7527,0.0955921,0.0955921
0.75275,0.0955779,0.0955779
0.7528,0.0955637,0.0955637
0.75285,0.0955496,0.0955496
0.7529,0.0955354,0.0955354
0.75295,0.0955212,0.0955212
0.753,0.095507,0.095507
0.75305,0.0954929,0.0954929
0.7531,0.0954787,0.0954787
0.75315,0.0954645,0.0954645
0.7532,0.0954503,0.0954503
0.75325,0.0954361,0.0954361
0.7533,0.095422,0.095422
0.75335,0.0954078,0.0954078
0.7534,0.0953936,0.0953936
0.75345,0.0953794,0.0953794
0.7535,0.0953652,0.0953652
0.75355,0.095351,0.095351
0.7536,0.0953368,0.0953368
0.75365,0.0953226,0.0953226
0.7537,0.0953084,0.0953084
0.75375,0.0952942,0.0952942
0.7538,0.09528,0.09528
0.75385,0.0952658,0.0952658
0.7539,0.0952516,0.0952516
0.75395,0.0952374,0.0952374
0.754,0.0952232,0.0952232
0.75405,0.0952089,0.0952089
0.7541,0.0951947,0.0951947
0.75415,0.0951805,0.0951805
0.7542,0.0951663,0.0951663
0.75425,0.0951521,0.0951521
0.7543,0.0951378,0.0951378
0.75435,0.0951236,0.0951236
0.7544,0.0951094,0.0951094
0.75445,0.0950952,0.0950952
0.7545,0.0950809,0.0950809
0.75455,0.0950667,0.0950667
0.7546,0.0950525,0.0950525
0.75465,0.0950382,0.0950382
0.7547,0.095024,0.095024
0.75475,0.0950097,0.0950098
0.7548,0.0949955,0.0949955
0.75485,0.0949813,0.0949813
0.7549,0.094967,0.094967
0.75495,0.0949528,0.0949528
0.755,0.0949385,0.0949385
0.75505,0.0949243,0.0949243
0.7551,0.09491,0.09491
0.75515,0.0948958,0.0948958
0.7552,0.0948815,0.0948815
0.75525,0.0948672,0.0948672
0.7553,0.094853,0.094853
0.75535,0.0948387,0.0948387
0.7554,0.0948245,0.0948245
0.75545,0.0948102,0.0948102
0.7555,0.0947959,0.0947959
0.75555,0.0947816,0.0947816
0.7556,0.0947674,0.0947674
0.75565,0.0947531,0.0947531
0.7557,0.0947388,0.0947388
0.75575,0.0947245,0.0947245
0.7558,0.0947103,0.0947103
0.75585,0.094696,0.094696
0.7559,0.0946817,0.0946817
0.75595,0.0946674,0.0946674
0.756,0.0946531,0.0946531
0.75605,0.0946388,0.0946388
0.7561,0.0946245,0.0946246
0.75615,0.0946103,0.0946103
0.7562,0.094596,0.094596
0.75625,0.0945817,0.0945817
0.7563,0.0945674,0.0945674
0.75635,0.0945531,0.0945531
0.7564,0.0945388,0.0945388
0.75645,0.0945245,0.0945245
0.7565,0.0945102,0.0945102
0.75655,0.0944958,0.0944958
0.7566,0.0944815,0.0944815
0.75665,0.0944672,0.0944672
0.7567,0.0944529,0.0944529
0.75675,0.0944386,0.0944386
0.7568,0.0944243,0.0944243
0.75685,0.09441,0.09441
0.7569,0.0943956,0.0943956
0.75695,0.0943813,0.0943813
0.757,0.094367,0.094367
0.75705,0.0943527,0.0943527
0.7571,0.0943383,0.0943383
0.75715,0.094324,0.094324
0.7572,0.0943097,0.0943097
0.75725,0.0942953,0.0942953
0.7573,0.094281,0.094281
0.75735,0.0942667,0.0942667
0.7574,0.0942523,0.0942523
0.75745,0.094238,0.094238
0.7575,0.0942236,0.0942236
0.75755,0.0942093,0.0942093
0.7576,0.0941949,0.0941949
0.75765,0.0941806,0.0941806
0.7577,0.0941662,0.0941662
0.75775,0.0941519,0.0941519
0.7578,0.0941375,0.0941375
0.75785,0.0941232,0.0941232
0.7579,0.0941088,0.0941088
0.75795,0.0940944,0.0940944
0.758,0.0940801,0.0940801
0.75805,0.0940657,0.0940657
0.7581,0.0940513,0.0940513
0.75815,0.094037,0.094037
0.7582,0.0940226,0.0940226
0.75825,0.0940082,0.0940082
0.7583,0.0939939,0.0939939
0.75835,0.0939795,0.0939795
0.7584,0.0939651,0.0939651
0.75845,0.0939507,0.0939507
0.7585,0.0939363,0.0939363
0.75855,0.093922,0.093922
0.7586,0.0939076,0.0939076
0.75865,0.0938932,0.0938932
0.7587,0.0938788,0.0938788
0.75875,0.0938644,0.0938644
0.7588,0.09385,0.09385
0.75885,0.0938356,0.0938356
0.7589,0.0938212,0.0938212
0.75895,0.0938068,0.0938068
0.759,0.0937924,0.0937924
0.75905,0.093778,0.093778
0.7591,0.0937636,0.0937636
0.75915,0.0937492,0.0937492
0.7592,0.0937348,0.0937348
0.75925,0.0937204,0.0937204
0.7593,0.093706,0.093706
0.75935,0.0936916,0.0936916
0.7594,0.0936771,0.0936771
0.75945,0.0936627,0.0936627
0.7595,0.0936483,0.0936483
0.75955,0.0936339,0.0936339
0.7596,0.0936195,0.0936195
0.75965,0.093605,0.093605
0.7597,0.0935906,0.0935906
0.75975,0.0935762,0.0935762
0.7598,0.0935617,0.0935617
0.75985,0.0935473,0.0935473
0.7599,0.0935329,0.0935329
0.75995,0.0935184,0.0935184
0.76,0.093504,0.093504
0.76005,0.0934896,0.0934896
0.7601,0.0934751,0.0934751
0.76015,0.0934607,0.0934607
0.7602,0.0934462,0.0934462
0.76025,0.0934318,0.0934318
0.7603,0.0934173,0.0934173
0.76035,0.0934029,0.0934029
0.7604,0.0933884,0.0933884
0.76045,0.093374,0.093374
0.7605,0.0933595,0.0933595
0.76055,0.093345,0.093345
0.7606,0.0933306,0.0933306
0.76065,0.0933161,0.0933161
0.7607,0.0933017,0.0933017
0.76075,0.0932872,0.0932872
0.7608,0.0932727,0.0932727
0.76085,0.0932582,0.0932582
0.7609,0.0932438,0.0932438
0.76095,0.0932293,0.0932293
0.761,0.0932148,0.0932148
0.76105,0.0932003,0.0932003
0.7611,0.0931859,0.0931859
0.76115,0.0931714,0.0931714
0.7612,0.0931569,0.0931569
0.76125,0.0931424,0.0931424
0.7613,0.0931279,0.0931279
0.76135,0.0931134,0.0931134
0.7614,0.0930989,0.0930989
0.76145,0.0930844,0.0930844
0.7615,0.0930699,0.0930699
0.76155,0.0930554,0.0930554
0.7616,0.0930409,0.0930409
0.76165,0.0930264,0.0930264
0.7617,0.0930119,0.0930119
0.76175,0.0929974,0.0929974
0.7618,0.0929829,0.0929829
0.76185,0.0929684,0.0929684
0.7619,0.0929539,0.0929539
0.76195,0.0929394,0.0929394
0.762,0.0929249,0.0929249
0.76205,0.0929104,0.0929104
0.7621,0.0928958,0.0928958
0.76215,0.0928813,0.0928813
0.7622,0.0928668,0.0928668
0.76225,0.0928523,0.0928523
0.7623,0.0928377,0.0928377
0.76235,0.0928232,0.0928232
0.7624,0.0928087,0.0928087
0.76245,0.0927942,0.0927942
0.7625,0.0927796,0.0927796
0.76255,0.0927651,0.0927651
0.7626,0.0927505,0.0927505
0.76265,0.092736,0.092736
0.7627,0.0927215,0.0927215
0.76275,0.0927069,0.0927069
0.7628,0.0926924,0.0926924
0.76285,0.0926778,0.0926778
0.7629,0.0926633,0.0926633
0.76295,0.0926487,0.0926487
0.763,0.0926342,0.0926342
0.76305,0.0926196,0.0926196
0.7631,0.0926051,0.0926051
0.76315,0.0925905,0.0925905
0.7632,0.0925759,0.0925759
0.76325,0.0925614,0.0925614
0.7633,0.0925468,0.0925468
0.76335,0.0925322,0.0925322
0.7634,0.0925177,0.0925177
0.76345,0.0925031,0.0925031
0.7635,0.0924885,0.0924885
0.76355,0.092474,0.092474
0.7636,0.0924594,0.0924594
0.76365,0.0924448,0.0924448
0.7637,0.0924302,0.0924302
0.76375,0.0924156,0.0924156
0.7638,0.0924011,0.0924011
0.76385,0.0923865,0.0923865
0.7639,0.0923719,0.0923719
0.76395,0.0923573,0.0923573
0.764,0.0923427,0.0923427
0.76405,0.0923281,0.0923281
0.7641,0.0923135,0.0923135
0.76415,0.0922989,0.0922989
0.7642,0.0922843,0.0922843
0.76425,0.0922697,0.0922697
0.7643,0.0922551,0.0922551
0.76435,0.0922405,0.0922405
0.7644,0.0922259,0.0922259
0.76445,0.0922113,0.0922113
0.7645,0.0921967,0.0921967
0.76455,0.0921821,0.0921821
0.7646,0.0921675,0.0921675
0.76465,0.0921528,0.0921528
0.7647,0.0921382,0.0921382
0.76475,0.0921236,0.0921236
0.7648,0.092109,0.092109
0.76485,0.0920944,0.0920944
0.7649,0.0920797,0.0920797
0.76495,0.0920651,0.0920651
0.765,0.0920505,0.0920505
0.76505,0.0920358,0.0920358
0.7651,0.0920212,0.0920212
0.76515,0.0920066,0.0920066
0.7652,0.0919919,0.0919919
0.76525,0.0919773,0.0919773
0.7653,0.0919627,0.0919627
0.76535,0.091948,0.091948
0.7654,0.0919334,0.0919334
0.76545,0.0919187,0.0919187
0.7655,0.0919041,0.0919041
0.76555,0.0918894,0.0918894
0.7656,0.0918748,0.0918748
0.76565,0.0918601,0.0918601
0.7657,0.0918455,0.0918455
0.76575,0.0918308,0.0918308
0.7658,0.0918161,0.0918161
0.76585,0.0918015,0.0918015
0.7659,0.0917868,0.0917868
0.76595,0.0917722,0.0917722
0.766,0.0917575,0.0917575
0.76605,0.0917428,0.0917428
0.7661,0.0917281,0.0917281
0.76615,0.0917135,0.0917135
0.7662,0.0916988,0.0916988
0.76625,0.0916841,0.0916841
0.7663,0.0916694,0.0916694
0.76635,0.0916548,0.0916548
0.7664,0.0916401,0.0916401
0.76645,0.0916254,0.0916254
0.7665,0.0916107,0.0916107
0.76655,0.091596,0.091596
0.7666,0.0915813,0.0915813
0.76665,0.0915666,0.0915666
0.7667,0.0915519,0.0915519
0.76675,0.0915372,0.0915372
0.7668,0.0915225,0.0915225
0.76685,0.0915078,0.0915078
0.7669,0.0914931,0.0914931
0.76695,0.0914784,0.0914784
0.767,0.0914637,0.0914637
0.76705,0.091449,0.091449
0.7671,0.0914343,0.0914343
0.76715,0.0914196,0.0914196
0.7672,0.0914049,0.0914049
0.76725,0.0913902,0.0913902
0.7673,0.0913754,0.0913754
0.76735,0.0913607,0.0913607
0.7674,0.091346,0.091346
0.76745,0.0913313,0.0913313
0.7675,0.0913166,0.0913166
0.76755,0.0913018,0.0913018
0.7676,0.0912871,0.0912871
0.76765,0.0912724,0.0912724
0.7677,0.0912576,0.0912576
0.76775,0.0912429,0.0912429
0.7678,0.0912282,0.0912282
0.76785,0.0912134,0.0912134
0.7679,0.0911987,0.0911987
0.76795,0.0911839,0.0911839
0.768,0.0911692,0.0911692
0.76805,0.0911544,0.0911544
0.7681,0.0911397,0.0911397
0.76815,0.0911249,0.0911249
0.7682,0.0911102,0.0911102
0.76825,0.0910954,0.0910954
0.7683,0.0910807,0.0910807
0.76835,0.0910659,0.0910659
0.7684,0.0910512,0.0910512
0.76845,0.0910364,0.0910364
0.7685,0.0910216,0.0910216
0.76855,0.0910069,0.0910069
0.7686,0.0909921,0.0909921
0.76865,0.0909773,0.0909773
0.7687,0.0909626,0.0909626
0.76875,0.0909478,0.0909478
0.7688,0.090933,0.090933
0.76885,0.0909182,0.0909182
0.7689,0.0909035,0.0909035
0.76895,0.0908887,0.0908887
0.769,0.0908739,0.0908739
0.76905,0.0908591,0.0908591
0.7691,0.0908443,0.0908443
0.76915,0.0908295,0.0908295
0.7692,0.0908147,0.0908147
0.76925,0.0908,0.0908
0.7693,0.0907852,0.0907852
0.76935,0.0907704,0.0907704
0.7694,0.0907556,0.0907556
0.76945,0.0907408,0.0907408
0.7695,0.090726,0.090726
0.76955,0.0907112,0.0907112
0.7696,0.0906964,0.0906964
0.76965,0.0906815,0.0906815
0.7697,0.0906667,0.0906667
0.76975,0.0906519,0.0906519
0.7698,0.0906371,0.0906371
0.76985,0.0906223,0.0906223
0.7699,0.0906075,0.0906075
0.76995,0.0905927,0.0905927
0.77,0.0905778,0.0905778
0.77005,0.090563,0.090563
0.7701,0.0905482,0.0905482
0.77015,0.0905334,0.0905334
0.7702,0.0905185,0.0905185
0.77025,0.0905037,0.0905037
0.7703,0.0904889,0.0904889
0.77035,0.090474,0.090474
0.7704,0.0904592,0.0904592
0.77045,0.0904444,0.0904444
0.7705,0.0904295,0.0904295
0.77055,0.0904147,0.0904147
0.7706,0.0903998,0.0903998
0.77065,0.090385,0.090385
0.7707,0.0903701,0.0903701
0.77075,0.0903553,0.0903553
0.7708,0.0903404,0.0903404
0.77085,0.0903256,0.0903256
0.7709,0.0903107,0.0903107
0.77095,0.0902959,0.0902959
0.771,0.090281,0.090281
0.77105,0.0902661,0.0902661
0.7711,0.0902513,0.0902513
0.77115,0.0902364,0.0902364
0.7712,0.0902215,0.0902215
0.77125,0.0902067,0.0902067
0.7713,0.0901918,0.0901918
0.77135,0.0901769,0.0901769
0.7714,0.090162,0.090162
0.77145,0.0901472,0.0901472
0.7715,0.0901323,0.0901323
0.77155,0.0901174,0.0901174
0.7716,0.0901025,0.0901025
0.77165,0.0900876,0.0900876
0.7717,0.0900728,0.0900728
0.77175,0.0900579,0.0900579
0.7718,0.090043,0.090043
0.77185,0.0900281,0.0900281
0.7719,0.0900132,0.0900132
0.77195,0.0899983,0.0899983
0.772,0.0899834,0.0899834
0.77205,0.0899685,0.0899685
0.7721,0.0899536,0.0899536
0.77215,0.0899387,0.0899387
0.7722,0.0899238,0.0899238
0.77225,0.0899089,0.0899089
0.7723,0.089894,0.089894
0.77235,0.089879,0.089879
0.7724,0.0898641,0.0898641
0.77245,0.0898492,0.0898492
0.7725,0.0898343,0.0898343
0.77255,0.0898194,0.0898194
0.7726,0.0898045,0.0898045
0.77265,0.0897895,0.0897895
0.7727,0.0897746,0.0897746
0.77275,0.0897597,0.0897597
0.7728,0.0897448,0.0897448
0.77285,0.0897298,0.0897298
0.7729,0.0897149,0.0897149
0.77295,0.0897,0.0897
0.773,0.089685,0.089685
0.77305,0.0896701,0.0896701
0.7731,0.0896551,0.0896551
0.77315,0.0896402,0.0896402
0.7732,0.0896252,0.0896252
0.77325,0.0896103,0.0896103
0.7733,0.0895953,0.0895953
0.77335,0.0895804,0.0895804
0.7734,0.0895654,0.0895654
0.77345,0.0895505,0.0895505
0.7735,0.0895355,0.0895355
0.77355,0.0895206,0.0895206
0.7736,0.0895056,0.0895056
0.77365,0.0894907,0.0894907
0.7737,0.0894757,0.0894757
0.77375,0.0894607,0.0894607
0.7738,0.0894458,0.0894458
0.77385,0.0894308,0.0894308
0.7739,0.0894158,0.0894158
0.77395,0.0894008,0.0894008
0.774,0.0893859,0.0893859
0.77405,0.0893709,0.0893709
0.7741,0.0893559,0.0893559
0.77415,0.0893409,0.0893409
0.7742,0.0893259,0.0893259
0.77425,0.089311,0.089311
0.7743,0.089296,0.089296
0.77435,0.089281,0.089281
0.7744,0.089266,0.089266
0.77445,0.089251,0.089251
0.7745,0.089236,0.089236
0.77455,0.089221,0.089221
0.7746,0.089206,0.089206
0.77465,0.089191,0.089191
0.7747,0.089176,0.089176
0.77475,0.089161,0.089161
0.7748,0.089146,0.089146
0.77485,0.089131,0.089131
0.7749,0.089116,0.089116
0.77495,0.089101,0.089101
0.775,0.0890859,0.0890859
0.77505,0.0890709,0.0890709
0.7751,0.0890559,0.0890559
0.77515,0.0890409,0.0890409
0.7752,0.0890259,0.0890259
0.77525,0.0890108,0.0890108
0.7753,0.0889958,0.0889958
0.77535,0.0889808,0.0889808
0.7754,0.0889658,0.0889658
0.77545,0.0889507,0.0889507
0.7755,0.0889357,0.0889357
0.77555,0.0889206,0.0889206
0.7756,0.0889056,0.0889056
0.77565,0.0888906,0.0888906
0.7757,0.0888755,0.0888755
0.77575,0.0888605,0.0888605
0.7758,0.0888454,0.0888454
0.77585,0.0888304,0.0888304
0.7759,0.0888153,0.0888153
0.77595,0.0888003,0.0888003
0.776,0.0887852,0.0887852
0.77605,0.0887702,0.0887702
0.7761,0.0887551,0.0887551
0.77615,0.0887401,0.0887401
0.7762,0.088725,0.088725
0.77625,0.0887099,0.0887099
0.7763,0.0886949,0.0886949
0.77635,0.0886798,0.0886798
0.7764,0.0886647,0.0886647
0.77645,0.0886497,0.0886497
0.7765,0.0886346,0.0886346
0.77655,0.0886195,0.0886195
0.7766,0.0886044,0.0886044
0.77665,0.0885894,0.0885894
0.7767,0.0885743,0.0885743
0.77675,0.0885592,0.0885592
0.7768,0.0885441,0.0885441
0.77685,0.088529,0.088529
0.7769,0.0885139,0.0885139
0.77695,0.0884989,0.0884989
0.777,0.0884838,0.0884838
0.77705,0.0884687,0.0884687
0.7771,0.0884536,0.0884536
0.77715,0.0884385,0.0884385
0.7772,0.0884234,0.0884234
0.77725,0.0884083,0.0884083
0.7773,0.0883932,0.0883932
0.77735,0.0883781,0.0883781
0.7774,0.088363,0.088363
0.77745,0.0883478,0.0883478
0.7775,0.0883327,0.0883327
0.77755,0.0883176,0.0883176
0.7776,0.0883025,0.0883025
0.77765,0.0882874,0.0882874
0.7777,0.0882723,0.0882723
0.77775,0.0882571,0.0882571
0.7778,0.088242,0.088242
0.77785,0.0882269,0.0882269
0.7779,0.0882118,0.0882118
0.77795,0.0881966,0.0881966
0.778,0.0881815,0.0881815
0.77805,0.0881664,0.0881664
0.7781,0.0881512,0.0881512
0.77815,0.0881361,0.0881361
0.7782,0.088121,0.088121
0.77825,0.0881058,0.0881058
0.7783,0.0880907,0.0880907
0.77835,0.0880755,0.0880755
0.7784,0.0880604,0.0880604
0.77845,0.0880452,0.0880452
0.7785,0.0880301,0.0880301
0.77855,0.0880149,0.0880149
0.7786,0.0879998,0.0879998
0.77865,0.0879846,0.0879846
0.7787,0.0879695,0.0879695
0.77875,0.0879543,0.0879543
0.7788,0.0879391,0.0879391
0.77885,0.087924,0.087924
0.7789,0.0879088,0.0879088
0.77895,0.0878936,0.0878936
0.779,0.0878785,0.0878785
0.77905,0.0878633,0.0878633
0.7791,0.0878481,0.0878481
0.77915,0.087833,0.087833
0.7792,0.0878178,0.0878178
0.77925,0.0878026,0.0878026
0.7793,0.0877874,0.0877874
0.77935,0.0877722,0.0877722
0.7794,0.087757,0.087757
0.77945,0.0877419,0.0877419
0.7795,0.0877267,0.0877267
0.77955,0.0877115,0.0877115
0.7796,0.0876963,0.0876963
0.77965,0.0876811,0.0876811
0.7797,0.0876659,0.0876659
0.77975,0.0876507,0.0876507
0.7798,0.0876355,0.0876355
0.77985,0.0876203,0.0876203
0.7799,0.0876051,0.0876051
0.77995,0.0875899,0.0875899
0.78,0.0875747,0.0875747
0.78005,0.0875595,0.0875595
0.7801,0.0875442,0.0875442
0.78015,0.087529,0.087529
0.7802,0.0875138,0.0875138
0.78025,0.0874986,0.0874986
0.7803,0.0874834,0.0874834
0.78035,0.0874681,0.0874681
0.7804,0.0874529,0.0874529
0.78045,0.0874377,0.0874377
0.7805,0.0874225,0.0874225
0.78055,0.0874072,0.0874072
0.7806,0.087392,0.087392
0.78065,0.0873768,0.0873768
0.7807,0.0873615,0.0873615
0.78075,0.0873463,0.0873463
0.7808,0.0873311,0.0873311
0.78085,0.0873158,0.0873158
0.7809,0.0873006,0.0873006
0.78095,0.0872853,0.0872853
0.781,0.0872701,0.0872701
0.78105,0.0872548,0.0872548
0.7811,0.0872396,0.0872396
0.78115,0.0872243,0.0872243
0.7812,0.0872091,0.0872091
0.78125,0.0871938,0.0871938
0.7813,0.0871785,0.0871785
0.78135,0.0871633,0.0871633
0.7814,0.087148,0.087148
0.78145,0.0871328,0.0871328
0.7815,0.0871175,0.0871175
0.78155,0.0871022,0.0871022
0.7816,0.0870869,0.0870869
0.78165,0.0870717,0.0870717
0.7817,0.0870564,0.0870564
0.78175,0.0870411,0.0870411
0.7818,0.0870258,0.0870258
0.78185,0.0870106,0.0870106
0.7819,0.0869953,0.0869953
0.78195,0.08698,0.08698
0.782,0.0869647,0.0869647
0.78205,0.0869494,0.0869494
0.7821,0.0869341,0.0869341
0.78215,0.0869188,0.0869188
0.7822,0.0869035,0.0869035
0.78225,0.0868882,0.0868882
0.7823,0.0868729,0.0868729
0.78235,0.0868576,0.0868576
0.7824,0.0868423,0.0868423
0.78245,0.086827,0.086827
0.7825,0.0868117,0.0868117
0.78255,0.0867964,0.0867964
0.7826,0.0867811,0.0867811
0.78265,0.0867658,0.0867658
0.7827,0.0867505,0.0867505
0.78275,0.0867352,0.0867352
0.7828,0.0867198,0.0867198
0.78285,0.0867045,0.0867045
0.7829,0.0866892,0.0866892
0.78295,0.0866739,0.0866739
0.783,0.0866586,0.0866586
0.78305,0.0866432,0.0866432
0.7831,0.0866279,0.0866279
0.78315,0.0866126,0.0866126
0.7832,0.0865972,0.0865972
0.78325,0.0865819,0.0865819
0.7833,0.0865666,0.0865666
0.78335,0.0865512,0.0865512
0.7834,0.0865359,0.0865359
0.78345,0.0865205,0.0865205
0.7835,0.0865052,0.0865052
0.78355,0.0864898,0.0864898
0.7836,0.0864745,0.0864745
0.78365,0.0864591,0.0864591
0.7837,0.0864438,0.0864438
0.78375,0.0864284,0.0864284
0.7838,0.0864131,0.0864131
0.78385,0.0863977,0.0863977
0.7839,0.0863823,0.0863823
0.78395,0.086367,0.086367
0.784,0.0863516,0.0863516
0.78405,0.0863362,0.0863362
0.7841,0.0863209,0.0863209
0.78415,0.0863055,0.0863055
0.7842,0.0862901,0.0862901
0.78425,0.0862748,0.0862748
0.7843,0.0862594,0.0862594
0.78435,0.086244,0.086244
0.7844,0.0862286,0.0862286
0.78445,0.0862132,0.0862132
0.7845,0.0861979,0.0861979
0.78455,0.0861825,0.0861825
0.7846,0.0861671,0.0861671
0.78465,0.0861517,0.0861517
0.7847,0.0861363,0.0861363
0.78475,0.0861209,0.0861209
0.7848,0.0861055,0.0861055
0.78485,0.0860901,0.0860901
0.7849,0.0860747,0.0860747
0.78495,0.0860593,0.0860593
0.785,0.0860439,0.0860439
0.78505,0.0860285,0.0860285
0.7851,0.0860131,0.0860131
0.78515,0.0859977,0.0859977
0.7852,0.0859823,0.0859823
0.78525,0.0859668,0.0859668
0.7853,0.0859514,0.0859514
0.78535,0.085936,0.085936
0.7854,0.0859206,0.0859206
0.78545,0.0859052,0.0859052
0.7855,0.0858897,0.0858897
0.78555,0.0858743,0.0858743
0.7856,0.0858589,0.0858589
0.78565,0.0858435,0.0858435
0.7857,0.085828,0.085828
0.78575,0.0858126,0.0858126
0.7858,0.0857972,0.0857972
0.78585,0.0857817,0.0857817
0.7859,0.0857663,0.0857663
0.78595,0.0857508,0.0857508
0.786,0.0857354,0.0857354
0.78605,0.0857199,0.0857199
0.7861,0.0857045,0.0857045
0.78615,0.085689,0.085689
0.7862,0.0856736,0.0856736
0.78625,0.0856581,0.0856581
0.7863,0.0856427,0.0856427
0.78635,0.0856272,0.0856272
0.7864,0.0856118,0.0856118
0.78645,0.0855963,0.0855963
0.7865,0.0855808,0.0855808
0.78655,0.0855654,0.0855654
0.7866,0.0855499,0.0855499
0.78665,0.0855344,0.0855344
0.7867,0.085519,0.085519
0.78675,0.0855035,0.0855035
0.7868,0.085488,0.085488
0.78685,0.0854725,0.0854725
0.7869,0.0854571,0.0854571
0.78695,0.0854416,0.0854416
0.787,0.0854261,0.0854261
0.78705,0.0854106,0.0854106
0.7871,0.0853951,0.0853951
0.78715,0.0853796,0.0853796
0.7872,0.0853641,0.0853641
0.78725,0.0853487,0.0853487
0.7873,0.0853332,0.0853332
0.78735,0.0853177,0.0853177
0.7874,0.0853022,0.0853022
0.78745,0.0852867,0.0852867
0.7875,0.0852712,0.0852712
0.78755,0.0852557,0.0852557
0.7876,0.0852401,0.0852401
0.78765,0.0852246,0.0852246
0.7877,0.0852091,0.0852091
0.78775,0.0851936,0.0851936
0.7878,0.0851781,0.0851781
0.78785,0.0851626,0.0851626
0.7879,0.0851471,0.0851471
0.78795,0.0851315,0.0851315
0.788,0.085116,0.085116
0.78805,0.0851005,0.0851005
0.7881,0.085085,0.085085
0.78815,0.0850694,0.0850694
0.7882,0.0850539,0.0850539
0.78825,0.0850384,0.0850384
0.7883,0.0850228,0.0850228
0.78835,0.0850073,0.0850073
0.7884,0.0849918,0.0849918
0.78845,0.0849762,0.0849762
0.7885,0.0849607,0.0849607
0.78855,0.0849451,0.0849451
0.7886,0.0849296,0.0849296
0.78865,0.084914,0.084914
0.7887,0.0848985,0.0848985
0.78875,0.0848829,0.0848829
0.7888,0.0848674,0.0848674
0.78885,0.0848518,0.0848518
0.7889,0.0848363,0.0848363
0.78895,0.0848207,0.0848207
0.789,0.0848052,0.0848052
0.78905,0.0847896,0.0847896
0.7891,0.084774,0.084774
0.78915,0.0847585,0.0847585
0.7892,0.0847429,0.0847429
0.78925,0.0847273,0.0847273
0.7893,0.0847117,0.0847117
0.78935,0.0846962,0.0846962
0.7894,0.0846806,0.0846806
0.78945,0.084665,0.084665
0.7895,0.0846494,0.0846494
0.78955,0.0846338,0.0846338
0.7896,0.0846183,0.0846183
0.78965,0.0846027,0.0846027
0.7897,0.0845871,0.0845871
0.78975,0.0845715,0.0845715
0.7898,0.0845559,0.0845559
0.78985,0.0845403,0.0845403
0.7899,0.0845247,0.0845247
0.78995,0.0845091,0.0845091
0.79,0.0844935,0.0844935
0.79005,0.0844779,0.0844779
0.7901,0.0844623,0.0844623
0.79015,0.0844467,0.0844467
0.7902,0.0844311,0.0844311
0.79025,0.0844155,0.0844155
0.7903,0.0843998,0.0843998
0.79035,0.0843842,0.0843842
0.7904,0.0843686,0.0843686
0.79045,0.084353,0.084353
0.7905,0.0843374,0.0843374
0.79055,0.0843218,0.0843218
0.7906,0.0843061,0.0843061
0.79065,0.0842905,0.0842905
0.7907,0.0842749,0.0842749
0.79075,0.0842592,0.0842592
0.7908,0.0842436,0.0842436
0.79085,0.084228,0.084228
0.7909,0.0842123,0.0842123
0.79095,0.0841967,0.0841967
0.791,0.0841811,0.0841811
0.79105,0.0841654,0.0841654
0.7911,0.0841498,0.0841498
0.79115,0.0841341,0.0841341
0.7912,0.0841185,0.0841185
0.79125,0.0841028,0.0841028
0.7913,0.0840872,0.0840872
0.79135,0.0840715,0.0840715
0.7914,0.0840559,0.0840559
0.79145,0.0840402,0.0840402
0.7915,0.0840245,0.0840245
0.79155,0.0840089,0.0840089
0.7916,0.0839932,0.0839932
0.79165,0.0839775,0.0839775
0.7917,0.0839619,0.0839619
0.79175,0.0839462,0.0839462
0.7918,0.0839305,0.0839305
0.79185,0.0839149,0.0839149
0.7919,0.0838992,0.0838992
0.79195,0.0838835,0.0838835
0.792,0.0838678,0.0838678
0.79205,0.0838521,0.0838521
0.7921,0.0838365,0.0838365
0.79215,0.0838208,0.0838208
0.7922,0.0838051,0.0838051
0.79225,0.0837894,0.0837894
0.7923,0.0837737,0.0837737
0.79235,0.083758,0.083758
0.7924,0.0837423,0.0837423
0.79245,0.0837266,0.0837266
0.7925,0.0837109,0.0837109
0.79255,0.0836952,0.0836952
0.7926,0.0836795,0.0836795
0.79265,0.0836638,0.0836638
0.7927,0.0836481,0.0836481
0.79275,0.0836324,0.0836324
0.7928,0.0836167,0.0836167
0.79285,0.0836009,0.0836009
0.7929,0.0835852,0.0835852
0.79295,0.0835695,0.0835695
0.793,0.0835538,0.0835538
0.79305,0.0835381,0.0835381
0.7931,0.0835223,0.0835223
0.79315,0.0835066,0.0835066
0.7932,0.0834909,0.0834909
0.79325,0.0834752,0.0834752
0.7933,0.0834594,0.0834594
0.79335,0.0834437,0.0834437
0.7934,0.083428,0.083428
0.79345,0.0834122,0.0834122
0.7935,0.0833965,0.0833965
0.79355,0.0833807,0.0833807
0.7936,0.083365,0.083365
0.79365,0.0833492,0.0833492
0.7937,0.0833335,0.0833335
0.79375,0.0833177,0.0833177
0.7938,0.083302,0.083302
0.79385,0.0832862,0.0832862
0.7939,0.0832705,0.0832705
0.79395,0.0832547,0.0832547
0.794,0.083239,0.083239
0.79405,0.0832232,0.0832232
0.7941,0.0832074,0.0832074
0.79415,0.0831917,0.0831917
0.7942,0.0831759,0.0831759
0.79425,0.0831601,0.0831601
0.7943,0.0831444,0.0831444
0.79435,0.0831286,0.0831286
0.7944,0.0831128,0.0831128
0.79445,0.083097,0.083097
0.7945,0.0830813,0.0830813
0.79455,0.0830655,0.0830655
0.7946,0.0830497,0.0830497
0.79465,0.0830339,0.0830339
0.7947,0.0830181,0.0830181
0.79475,0.0830023,0.0830023
0.7948,0.0829865,0.0829865
0.79485,0.0829707,0.0829707
0.7949,0.082955,0.082955
0.79495,0.0829392,0.0829392
0.795,0.0829234,0.0829234
0.79505,0.0829076,0.0829076
0.7951,0.0828917,0.0828917
0.79515,0.0828759,0.0828759
0.7952,0.0828601,0.0828601
0.79525,0.0828443,0.0828443
0.7953,0.0828285,0.0828285
0.79535,0.0828127,0.0828127
0.7954,0.0827969,0.0827969
0.79545,0.0827811,0.0827811
0.7955,0.0827652,0.0827652
0.79555,0.0827494,0.0827494
0.7956,0.0827336,0.0827336
0.79565,0.0827178,0.0827178
0.7957,0.082702,0.082702
0.79575,0.0826861,0.0826861
0.7958,0.0826703,0.0826703
0.79585,0.0826545,0.0826545
0.7959,0.0826386,0.0826386
0.79595,0.0826228,0.0826228
0.796,0.0826069,0.0826069
0.79605,0.0825911,0.0825911
0.7961,0.0825753,0.0825753
0.79615,0.0825594,0.0825594
0.7962,0.0825436,0.0825436
0.79625,0.0825277,0.0825277
0.7963,0.0825119,0.0825119
0.79635,0.082496,0.082496
0.7964,0.0824802,0.0824802
0.79645,0.0824643,0.0824643
0.7965,0.0824484,0.0824484
0.79655,0.0824326,0.0824326
0.7966,0.0824167,0.0824167
0.79665,0.0824008,0.0824009
0.7967,0.082385,0.082385
0.79675,0.0823691,0.0823691
0.7968,0.0823532,0.0823532
0.79685,0.0823374,0.0823374
0.7969,0.0823215,0.0823215
0.79695,0.0823056,0.0823056
0.797,0.0822897,0.0822897
0.79705,0.0822739,0.0822739
0.7971,0.082258,0.082258
0.79715,0.0822421,0.0822421
0.7972,0.0822262,0.0822262
0.79725,0.0822103,0.0822103
0.7973,0.0821944,0.0821944
0.79735,0.0821785,0.0821785
0.7974,0.0821626,0.0821626
0.79745,0.0821467,0.0821467
0.7975,0.0821308,0.0821308
0.79755,0.0821149,0.0821149
0.7976,0.082099,0.082099
0.79765,0.0820831,0.0820831
0.7977,0.0820672,0.0820672
0.79775,0.0820513,0.0820513
0.7978,0.0820354,0.0820354
0.79785,0.0820195,0.0820195
0.7979,0.0820036,0.0820036
0.79795,0.0819877,0.0819877
0.798,0.0819717,0.0819717
0.79805,0.0819558,0.0819558
0.7981,0.0819399,0.0819399
0.79815,0.081924,0.081924
0.7982,0.081908,0.081908
0.79825,0.0818921,0.0818921
0.7983,0.0818762,0.0818762
0.79835,0.0818602,0.0818602
0.7984,0.0818443,0.0818443
0.79845,0.0818284,0.0818284
0.7985,0.0818124,0.0818124
0.79855,0.0817965,0.0817965
0.7986,0.0817805,0.0817805
0.79865,0.0817646,0.0817646
0.7987,0.0817487,0.0817487
0.79875,0.0817327,0.0817327
0.7988,0.0817168,0.0817168
0.79885,0.0817008,0.0817008
0.7989,0.0816848,0.0816848
0.79895,0.0816689,0.0816689
0.799,0.0816529,0.0816529
0.79905,0.081637,0.081637
0.7991,0.081621,0.081621
0.79915,0.081605,0.081605
0.7992,0.0815891,0.0815891
0.79925,0.0815731,0.0815731
0.7993,0.0815571,0.0815571
0.79935,0.0815412,0.0815412
0.7994,0.0815252,0.0815252
0.79945,0.0815092,0.0815092
0.7995,0.0814932,0.0814932
0.79955,0.0814773,0.0814773
0.7996,0.0814613,0.0814613
0.79965,0.0814453,0.0814453
0.7997,0.0814293,0.0814293
0.79975,0.0814133,0.0814133
0.7998,0.0813973,0.0813973
0.79985,0.0813813,0.0813813
0.7999,0.0813653,0.0813653
0.79995,0.0813493,0.0813493
0.8,0.0813333,0.0813333
0.80005,0.0813173,0.0813173
0.8001,0.0813013,0.0813013
0.80015,0.0812853,0.0812853
0.8002,0.0812693,0.0812693
0.80025,0.0812533,0.0812533
0.8003,0.0812373,0.0812373
0.80035,0.0812213,0.0812213
0.8004,0.0812053,0.0812053
0.80045,0.0811893,0.0811893
0.8005,0.0811732,0.0811732
0.80055,0.0811572,0.0811572
0.8006,0.0811412,0.0811412
0.80065,0.0811252,0.0811252
0.8007,0.0811091,0.0811091
0.80075,0.0810931,0.0810931
0.8008,0.0810771,0.0810771
0.80085,0.081061,0.081061
0.8009,0.081045,0.081045
0.80095,0.081029,0.081029
0.801,0.0810129,0.0810129
0.80105,0.0809969,0.0809969
0.8011,0.0809808,0.0809808
0.80115,0.0809648,0.0809648
0.8012,0.0809488,0.0809488
0.80125,0.0809327,0.0809327
0.8013,0.0809167,0.0809167
0.80135,0.0809006,0.0809006
0.8014,0.0808845,0.0808845
0.80145,0.0808685,0.0808685
0.8015,0.0808524,0.0808524
0.80155,0.0808364,0.0808364
0.8016,0.0808203,0.0808203
0.80165,0.0808042,0.0808042
0.8017,0.0807882,0.0807882
0.80175,0.0807721,0.0807721
0.8018,0.080756,0.080756
0.80185,0.08074,0.08074
0.8019,0.0807239,0.0807239
0.80195,0.0807078,0.0807078
0.802,0.0806917,0.0806917
0.80205,0.0806756,0.0806757
0.8021,0.0806596,0.0806596
0.80215,0.0806435,0.0806435
0.8022,0.0806274,0.0806274
0.80225,0.0806113,0.0806113
0.8023,0.0805952,0.0805952
0.80235,0.0805791,0.0805791
0.8024,0.080563,0.080563
0.80245,0.0805469,0.0805469
0.8025,0.0805308,0.0805308
0.80255,0.0805147,0.0805147
0.8026,0.0804986,0.0804986
0.80265,0.0804825,0.0804825
0.8027,0.0804664,0.0804664
0.80275,0.0804503,0.0804503
0.8028,0.0804342,0.0804342
0.80285,0.0804181,0.0804181
0.8029,0.080402,0.080402
0.80295,0.0803858,0.0803858
0.803,0.0803697,0.0803697
0.80305,0.0803536,0.0803536
0.8031,0.0803375,0.0803375
0.80315,0.0803214,0.0803214
0.8032,0.0803052,0.0803052
0.80325,0.0802891,0.0802891
0.8033,0.080273,0.080273
0.80335,0.0802568,0.0802568
0.8034,0.0802407,0.0802407
0.80345,0.0802246,0.0802246
0.8035,0.0802084,0.0802084
0.80355,0.0801923,0.0801923
0.8036,0.0801761,0.0801761
0.80365,0.08016,0.08016
0.8037,0.0801438,0.0801438
0.80375,0.0801277,0.0801277
0.8038,0.0801115,0.0801115
0.80385,0.0800954,0.0800954
0.8039,0.0800792,0.0800792
0.80395,0.0800631,0.0800631
0.804,0.0800469,0.0800469
0.80405,0.0800308,0.0800308
0.8041,0.0800146,0.0800146
0.80415,0.0799984,0.0799984
0.8042,0.0799823,0.0799823
0.80425,0.0799661,0.0799661
0.8043,0.0799499,0.0799499
0.80435,0.0799337,0.0799338
0.8044,0.0799176,0.0799176
0.80445,0.0799014,0.0799014
0.8045,0.0798852,0.0798852
0.80455,0.079869,0.079869
0.8046,0.0798529,0.0798529
0.80465,0.0798367,0.0798367
0.8047,0.0798205,0.0798205
0.80475,0.0798043,0.0798043
0.8048,0.0797881,0.0797881
0.80485,0.0797719,0.0797719
0.8049,0.0797557,0.0797557
0.80495,0.0797395,0.0797395
0.805,0.0797233,0.0797233
0.80505,0.0797071,0.0797071
0.8051,0.0796909,0.0796909
0.80515,0.0796747,0.0796747
0.8052,0.0796585,0.0796585
0.80525,0.0796423,0.0796423
0.8053,0.0796261,0.0796261
0.80535,0.0796099,0.0796099
0.8054,0.0795936,0.0795936
0.80545,0.0795774,0.0795774
0.8055,0.0795612,0.0795612
0.80555,0.079545,0.079545
0.8056,0.0795288,0.0795288
0.80565,0.0795125,0.0795125
0.8057,0.0794963,0.0794963
0.80575,0.0794801,0.0794801
0.8058,0.0794638,0.0794638
0.80585,0.0794476,0.0794476
0.8059,0.0794314,0.0794314
0.80595,0.0794151,0.0794151
0.806,0.0793989,0.0793989
0.80605,0.0793827,0.0793827
0.8061,0.0793664,0.0793664
0.80615,0.0793502,0.0793502
0.8062,0.0793339,0.0793339
0.80625,0.0793177,0.0793177
0.8063,0.0793014,0.0793014
0.80635,0.0792852,0.0792852
0.8064,0.0792689,0.0792689
0.80645,0.0792526,0.0792526
0.8065,0.0792364,0.0792364
0.80655,0.0792201,0.0792201
0.8066,0.0792039,0.0792039
0.80665,0.0791876,0.0791876
0.8067,0.0791713,0.0791713
0.80675,0.0791551,0.0791551
0.8068,0.0791388,0.0791388
0.80685,0.0791225,0.0791225
0.8069,0.0791062,0.0791062
0.80695,0.07909,0.07909
0.807,0.0790737,0.0790737
0.80705,0.0790574,0.0790574
0.8071,0.0790411,0.0790411
0.80715,0.0790248,0.0790248
0.8072,0.0790085,0.0790085
0.80725,0.0789922,0.0789922
0.8073,0.078976,0.078976
0.80735,0.0789597,0.0789597
0.8074,0.0789434,0.0789434
0.80745,0.0789271,0.0789271
0.8075,0.0789108,0.0789108
0.80755,0.0788945,0.0788945
0.8076,0.0788782,0.0788782
0.80765,0.0788618,0.0788618
0.8077,0.0788455,0.0788455
0.80775,0.0788292,0.0788292
0.8078,0.0788129,0.0788129
0.80785,0.0787966,0.0787966
0.8079,0.0787803,0.0787803
0.80795,0.078764,0.078764
0.808,0.0787476,0.0787476
0.80805,0.0787313,0.0787313
0.8081,0.078715,0.078715
0.80815,0.0786987,0.0786987
0.8082,0.0786823,0.0786823
0.80825,0.078666,0.078666
0.8083,0.0786497,0.0786497
0.80835,0.0786333,0.0786333
0.8084,0.078617,0.078617
0.80845,0.0786007,0.0786007
0.8085,0.0785843,0.0785843
0.80855,0.078568,0.078568
0.8086,0.0785516,0.0785516
0.80865,0.0785353,0.0785353
0.8087,0.0785189,0.0785189
0.80875,0.0785026,0.0785026
0.8088,0.0784862,0.0784862
0.80885,0.0784699,0.0784699
0.8089,0.0784535,0.0784535
0.80895,0.0784372,0.0784372
0.809,0.0784208,0.0784208
0.80905,0.0784044,0.0784044
0.8091,0.0783881,0.0783881
0.80915,0.0783717,0.0783717
0.8092,0.0783553,0.0783553
0.80925,0.078339,0.078339
0.8093,0.0783226,0.0783226
0.80935,0.0783062,0.0783062
0.8094,0.0782899,0.0782899
0.80945,0.0782735,0.0782735
0.8095,0.0782571,0.0782571
0.80955,0.0782407,0.0782407
0.8096,0.0782243,0.0782243
0.80965,0.0782079,0.0782079
0.8097,0.0781915,0.0781915
0.80975,0.0781752,0.0781752
0.8098,0.0781588,0.0781588
0.80985,0.0781424,0.0781424
0.8099,0.078126,0.078126
0.80995,0.0781096,0.0781096
0.81,0.0780932,0.0780932
0.81005,0.0780768,0.0780768
0.8101,0.0780604,0.0780604
0.81015,0.0780439,0.078044
0.8102,0.0780275,0.0780275
0.81025,0.0780111,0.0780111
0.8103,0.0779947,0.0779947
0.81035,0.0779783,0.0779783
0.8104,0.0779619,0.0779619
0.81045,0.0779455,0.0779455
0.8105,0.077929,0.077929
0.81055,0.0779126,0.0779126
0.8106,0.0778962,0.0778962
0.81065,0.0778798,0.0778798
0.8107,0.0778633,0.0778633
0.81075,0.0778469,0.0778469
0.8108,0.0778305,0.0778305
0.81085,0.077814,0.077814
0.8109,0.0777976,0.0777976
0.81095,0.0777812,0.0777812
0.811,0.0777647,0.0777647
0.81105,0.0777483,0.0777483
0.8111,0.0777318,0.0777318
0.81115,0.0777154,0.0777154
0.8112,0.0776989,0.0776989
0.81125,0.0776825,0.0776825
0.8113,0.077666,0.077666
0.81135,0.0776496,0.0776496
0.8114,0.0776331,0.0776331
0.81145,0.0776166,0.0776166
0.8115,0.0776002,0.0776002
0.81155,0.0775837,0.0775837
0.8116,0.0775672,0.0775672
0.81165,0.0775508,0.0775508
0.8117,0.0775343,0.0775343
0.81175,0.0775178,0.0775178
0.8118,0.0775014,0.0775014
0.81185,0.0774849,0.0774849
0.8119,0.0774684,0.0774684
0.81195,0.0774519,0.0774519
0.812,0.0774354,0.0774354
0.81205,0.077419,0.077419
0.8121,0.0774025,0.0774025
0.81215,0.077386,0.077386
0.8122,0.0773695,0.0773695
0.81225,0.077353,0.077353
0.8123,0.0773365,0.0773365
0.81235,0.07732,0.07732
0.8124,0.0773035,0.0773035
0.81245,0.077287,0.077287
0.8125,0.0772705,0.0772705
0.81255,0.077254,0.077254
0.8126,0.0772375,0.0772375
0.81265,0.077221,0.077221
0.8127,0.0772045,0.0772045
0.81275,0.077188,0.077188
0.8128,0.0771714,0.0771714
0.81285,0.0771549,0.0771549
0.8129,0.0771384,0.0771384
0.81295,0.0771219,0.0771219
0.813,0.0771054,0.0771054
0.81305,0.0770888,0.0770888
0.8131,0.0770723,0.0770723
0.81315,0.0770558,0.0770558
0.8132,0.0770393,0.0770393
0.81325,0.0770227,0.0770227
0.8133,0.0770062,0.0770062
0.81335,0.0769896,0.0769896
0.8134,0.0769731,0.0769731
0.81345,0.0769566,0.0769566
0.8135,0.07694,0.07694
0.81355,0.0769235,0.0769235
0.8136,0.0769069,0.0769069
0.81365,0.0768904,0.0768904
0.8137,0.0768738,0.0768738
0.81375,0.0768573,0.0768573
0.8138,0.0768407,0.0768407
0.81385,0.0768242,0.0768242
0.8139,0.0768076,0.0768076
0.81395,0.076791,0.076791
0.814,0.0767745,0.0767745
0.81405,0.0767579,0.0767579
0.8141,0.0767413,0.0767413
0.81415,0.0767248,0.0767248
0.8142,0.0767082,0.0767082
0.81425,0.0766916,0.0766916
0.8143,0.076675,0.076675
0.81435,0.0766585,0.0766585
0.8144,0.0766419,0.0766419
0.81445,0.0766253,0.0766253
0.8145,0.0766087,0.0766087
0.81455,0.0765921,0.0765921
0.8146,0.0765756,0.0765756
0.81465,0.076559,0.076559
0.8147,0.0765424,0.0765424
0.81475,0.0765258,0.0765258
0.8148,0.0765092,0.0765092
0.81485,0.0764926,0.0764926
0.8149,0.076476,0.076476
0.81495,0.0764594,0.0764594
0.815,0.0764428,0.0764428
0.81505,0.0764262,0.0764262
0.8151,0.0764096,0.0764096
0.81515,0.0763929,0.0763929
0.8152,0.0763763,0.0763763
0.81525,0.0763597,0.0763597
0.8153,0.0763431,0.0763431
0.81535,0.0763265,0.0763265
0.8154,0.0763099,0.0763099
0.81545,0.0762932,0.0762932
0.8155,0.0762766,0.0762766
0.81555,0.07626,0.07626
0.8156,0.0762434,0.0762434
0.81565,0.0762267,0.0762267
0.8157,0.0762101,0.0762101
0.81575,0.0761935,0.0761935
0.8158,0.0761768,0.0761768
0.81585,0.0761602,0.0761602
0.8159,0.0761435,0.0761435
0.81595,0.0761269,0.0761269
0.816,0.0761103,0.0761103
0.81605,0.0760936,0.0760936
0.8161,0.076077,0.076077
0.81615,0.0760603,0.0760603
0.8162,0.0760436,0.0760436
0.81625,0.076027,0.076027
0.8163,0.0760103,0.0760103
0.81635,0.0759937,0.0759937
0.8164,0.075977,0.075977
0.81645,0.0759603,0.0759604
0.8165,0.0759437,0.0759437
0.81655,0.075927,0.075927
0.8166,0.0759103,0.0759103
0.81665,0.0758937,0.0758937
0.8167,0.075877,0.075877
0.81675,0.0758603,0.0758603
0.8168,0.0758436,0.0758436
0.81685,0.075827,0.075827
0.8169,0.0758103,0.0758103
0.81695,0.0757936,0.0757936
0.817,0.0757769,0.0757769
0.81705,0.0757602,0.0757602
0.8171,0.0757435,0.0757435
0.81715,0.0757268,0.0757268
0.8172,0.0757101,0.0757101
0.81725,0.0756935,0.0756935
0.8173,0.0756768,0.0756768
0.81735,0.0756601,0.0756601
0.8174,0.0756434,0.0756434
0.81745,0.0756266,0.0756266
0.8175,0.0756099,0.0756099
0.81755,0.0755932,0.0755932
0.8176,0.0755765,0.0755765
0.81765,0.0755598,0.0755598
0.8177,0.0755431,0.0755431
0.81775,0.0755264,0.0755264
0.8178,0.0755097,0.0755097
0.81785,0.0754929,0.0754929
0.8179,0.0754762,0.0754762
0.81795,0.0754595,0.0754595
0.818,0.0754428,0.0754428
0.81805,0.075426,0.075426
0.8181,0.0754093,0.0754093
0.81815,0.0753926,0.0753926
0.8182,0.0753758,0.0753758
0.81825,0.0753591,0.0753591
0.8183,0.0753424,0.0753424
0.81835,0.0753256,0.0753256
0.8184,0.0753089,0.0753089
0.81845,0.0752921,0.0752921
0.8185,0.0752754,0.0752754
0.81855,0.0752586,0.0752586
0.8186,0.0752419,0.0752419
0.81865,0.0752251,0.0752251
0.8187,0.0752084,0.0752084
0.81875,0.0751916,0.0751916
0.8188,0.0751748,0.0751748
0.81885,0.0751581,0.0751581
0.8189,0.0751413,0.0751413
0.81895,0.0751246,0.0751246
0.819,0.0751078,0.0751078
0.81905,0.075091,0.075091
0.8191,0.0750742,0.0750742
0.81915,0.0750575,0.0750575
0.8192,0.0750407,0.0750407
0.81925,0.0750239,0.0750239
0.8193,0.0750071,0.0750071
0.81935,0.0749904,0.0749904
0.8194,0.0749736,0.0749736
0.81945,0.0749568,0.0749568
0.8195,0.07494,0.07494
0.81955,0.0749232,0.0749232
0.8196,0.0749064,0.0749064
0.81965,0.0748896,0.0748896
0.8197,0.0748728,0.0748728
0.81975,0.074856,0.074856
0.8198,0.0748392,0.0748392
0.81985,0.0748224,0.0748224
0.8199,0.0748056,0.0748056
0.81995,0.0747888,0.0747888
0.82,0.074772,0.074772
0.82005,0.0747552,0.0747552
0.8201,0.0747384,0.0747384
0.82015,0.0747216,0.0747216
0.8202,0.0747047,0.0747047
0.82025,0.0746879,0.0746879
0.8203,0.0746711,0.0746711
0.82035,0.0746543,0.0746543
0.8204,0.0746375,0.0746375
0.82045,0.0746206,0.0746206
0.8205,0.0746038,0.0746038
0.82055,0.074587,0.074587
0.8206,0.0745701,0.0745701
0.82065,0.0745533,0.0745533
0.8207,0.0745365,0.0745365
0.82075,0.0745196,0.0745196
0.8208,0.0745028,0.0745028
0.82085,0.0744859,0.0744859
0.8209,0.0744691,0.0744691
0.82095,0.0744522,0.0744522
0.821,0.0744354,0.0744354
0.82105,0.0744185,0.0744185
0.8211,0.0744017,0.0744017
0.82115,0.0743848,0.0743848
0.8212,0.074368,0.074368
0.82125,0.0743511,0.0743511
0.8213,0.0743342,0.0743342
0.82135,0.0743174,0.0743174
0.8214,0.0743005,0.0743005
0.82145,0.0742836,0.0742836
0.8215,0.0742668,0.0742668
0.82155,0.0742499,0.0742499
0.8216,0.074233,0.074233
0.82165,0.0742162,0.0742162
0.8217,0.0741993,0.0741993
0.82175,0.0741824,0.0741824
0.8218,0.0741655,0.0741655
0.82185,0.0741486,0.0741486
0.8219,0.0741317,0.0741317
0.82195,0.0741148,0.0741148
0.822,0.074098,0.074098
0.82205,0.0740811,0.0740811
0.8221,0.0740642,0.0740642
0.82215,0.0740473,0.0740473
0.8222,0.0740304,0.0740304
0.82225,0.0740135,0.0740135
0.8223,0.0739966,0.0739966
0.82235,0.0739797,0.0739797
0.8224,0.0739628,0.0739628
0.82245,0.0739458,0.0739458
0.8225,0.0739289,0.0739289
0.82255,0.073912,0.073912
0.8226,0.0738951,0.0738951
0.82265,0.0738782,0.0738782
0.8227,0.0738613,0.0738613
0.82275,0.0738443,0.0738443
0.8228,0.0738274,0.0738274
0.82285,0.0738105,0.0738105
0.8229,0.0737936,0.0737936
0.82295,0.0737766,0.0737766
0.823,0.0737597,0.0737597
0.82305,0.0737428,0.0737428
0.8231,0.0737258,0.0737258
0.82315,0.0737089,0.0737089
0.8232,0.073692,0.073692
0.82325,0.073675,0.073675
0.8233,0.0736581,0.0736581
0.82335,0.0736411,0.0736411
0.8234,0.0736242,0.0736242
0.82345,0.0736072,0.0736072
0.8235,0.0735903,0.0735903
0.82355,0.0735733,0.0735733
0.8236,0.0735564,0.0735564
0.82365,0.0735394,0.0735394
0.8237,0.0735224,0.0735224
0.82375,0.0735055,0.0735055
0.8238,0.0734885,0.0734885
0.82385,0.0734715,0.0734715
0.8239,0.0734546,0.0734546
0.82395,0.0734376,0.0734376
0.824,0.0734206,0.0734206
0.82405,0.0734037,0.0734037
0.8241,0.0733867,0.0733867
0.82415,0.0733697,0.0733697
0.8242,0.0733527,0.0733527
0.82425,0.0733357,0.0733357
0.8243,0.0733187,0.0733187
0.82435,0.0733018,0.0733018
0.8244,0.0732848,0.0732848
0.82445,0.0732678,0.0732678
0.8245,0.0732508,0.0732508
0.82455,0.0732338,0.0732338
0.8246,0.0732168,0.0732168
0.82465,0.0731998,0.0731998
0.8247,0.0731828,0.0731828
0.82475,0.0731658,0.0731658
0.8248,0.0731488,0.0731488
0.82485,0.0731318,0.0731318
0.8249,0.0731148,0.0731148
0.82495,0.0730977,0.0730977
0.825,0.0730807,0.0730807
0.82505,0.0730637,0.0730637
0.8251,0.0730467,0.0730467
0.82515,0.0730297,0.0730297
0.8252,0.0730127,0.0730127
0.82525,0.0729956,0.0729956
0.8253,0.0729786,0.0729786
0.82535,0.0729616,0.0729616
0.8254,0.0729445,0.0729445
0.82545,0.0729275,0.0729275
0.8255,0.0729105,0.0729105
0.82555,0.0728934,0.0728934
0.8256,0.0728764,0.0728764
0.82565,0.0728594,0.0728594
0.8257,0.0728423,0.0728423
0.82575,0.0728253,0.0728253
0.8258,0.0728082,0.0728082
0.82585,0.0727912,0.0727912
0.8259,0.0727741,0.0727741
0.82595,0.0727571,0.0727571
0.826,0.07274,0.07274
0.82605,0.0727229,0.0727229
0.8261,0.0727059,0.0727059
0.82615,0.0726888,0.0726888
0.8262,0.0726718,0.0726718
0.82625,0.0726547,0.0726547
0.8263,0.0726376,0.0726376
0.82635,0.0726206,0.0726206
0.8264,0.0726035,0.0726035
0.82645,0.0725864,0.0725864
0.8265,0.0725693,0.0725693
0.82655,0.0725523,0.0725523
0.8266,0.0725352,0.0725352
0.82665,0.0725181,0.0725181
0.8267,0.072501,0.072501
0.82675,0.0724839,0.0724839
0.8268,0.0724668,0.0724668
0.82685,0.0724497,0.0724497
0.8269,0.0724326,0.0724326
0.82695,0.0724155,0.0724156
0.827,0.0723985,0.0723985
0.82705,0.0723814,0.0723814
0.8271,0.0723643,0.0723643
0.82715,0.0723471,0.0723471
0.8272,0.07233,0.07233
0.82725,0.0723129,0.0723129
0.8273,0.0722958,0.0722958
0.82735,0.0722787,0.0722787
0.8274,0.0722616,0.0722616
0.82745,0.0722445,0.0722445
0.8275,0.0722274,0.0722274
0.82755,0.0722102,0.0722102
0.8276,0.0721931,0.0721931
0.82765,0.072176,0.072176
0.8277,0.0721589,0.0721589
0.82775,0.0721417,0.0721417
0.8278,0.0721246,0.0721246
0.82785,0.0721075,0.0721075
0.8279,0.0720903,0.0720903
0.82795,0.0720732,0.0720732
0.828,0.0720561,0.0720561
0.82805,0.0720389,0.0720389
0.8281,0.0720218,0.0720218
0.82815,0.0720046,0.0720046
0.8282,0.0719875,0.0719875
0.82825,0.0719703,0.0719704
0.8283,0.0719532,0.0719532
0.82835,0.071936,0.071936
0.8284,0.0719189,0.0719189
0.82845,0.0719017,0.0719017
0.8285,0.0718846,0.0718846
0.82855,0.0718674,0.0718674
0.8286,0.0718503,0.0718503
0.82865,0.0718331,0.0718331
0.8287,0.0718159,0.0718159
0.82875,0.0717987,0.0717987
0.8288,0.0717816,0.0717816
0.82885,0.0717644,0.0717644
0.8289,0.0717472,0.0717472
0.82895,0.07173,0.07173
0.829,0.0717129,0.0717129
0.82905,0.0716957,0.0716957
0.8291,0.0716785,0.0716785
0.82915,0.0716613,0.0716613
0.8292,0.0716441,0.0716441
0.82925,0.0716269,0.0716269
0.8293,0.0716097,0.0716097
0.82935,0.0715925,0.0715926
0.8294,0.0715754,0.0715754
0.82945,0.0715582,0.0715582
0.8295,0.071541,0.071541
0.82955,0.0715238,0.0715238
0.8296,0.0715065,0.0715065
0.82965,0.0714893,0.0714893
0.8297,0.0714721,0.0714721
0.82975,0.0714549,0.0714549
0.8298,0.0714377,0.0714377
0.82985,0.0714205,0.0714205
0.8299,0.0714033,0.0714033
0.82995,0.0713861,0.0713861
0.83,0.0713688,0.0713688
0.83005,0.0713516,0.0713516
0.8301,0.0713344,0.0713344
0.83015,0.0713172,0.0713172
0.8302,0.0712999,0.0712999
0.83025,0.0712827,0.0712827
0.8303,0.0712655,0.0712655
0.83035,0.0712482,0.0712482
0.8304,0.071231,0.071231
0.83045,0.0712137,0.0712137
0.8305,0.0711965,0.0711965
0.83055,0.0711793,0.0711793
0.8306,0.071162,0.071162
0.83065,0.0711448,0.0711448
0.8307,0.0711275,0.0711275
0.83075,0.0711103,0.0711103
0.8308,0.071093,0.071093
0.83085,0.0710757,0.0710758
0.8309,0.0710585,0.0710585
0.83095,0.0710412,0.0710412
0.831,0.071024,0.071024
0.83105,0.0710067,0.0710067
0.8311,0.0709894,0.0709894
0.83115,0.0709722,0.0709722
0.8312,0.0709549,0.0709549
0.83125,0.0709376,0.0709376
0.8313,0.0709203,0.0709203
0.83135,0.0709031,0.0709031
0.8314,0.0708858,0.0708858
0.83145,0.0708685,0.0708685
0.8315,0.0708512,0.0708512
0.83155,0.0708339,0.0708339
0.8316,0.0708167,0.0708167
0.83165,0.0707994,0.0707994
0.8317,0.0707821,0.0707821
0.83175,0.0707648,0.0707648
0.8318,0.0707475,0.0707475
0.83185,0.0707302,0.0707302
0.8319,0.0707129,0.0707129
0.83195,0.0706956,0.0706956
0.832,0.0706783,0.0706783
0.83205,0.070661,0.070661
0.8321,0.0706437,0.0706437
0.83215,0.0706263,0.0706263
0.8322,0.070609,0.070609
0.83225,0.0705917,0.0705917
0.8323,0.0705744,0.0705744
0.83235,0.0705571,0.0705571
0.8324,0.0705398,0.0705398
0.83245,0.0705224,0.0705224
0.8325,0.0705051,0.0705051
0.83255,0.0704878,0.0704878
0.8326,0.0704705,0.0704705
0.83265,0.0704531,0.0704531
0.8327,0.0704358,0.0704358
0.83275,0.0704185,0.0704185
0.8328,0.0704011,0.0704011
0.83285,0.0703838,0.0703838
0.8329,0.0703664,0.0703664
0.83295,0.0703491,0.0703491
0.833,0.0703317,0.0703317
0.83305,0.0703144,0.0703144
0.8331,0.070297,0.070297
0.83315,0.0702797,0.0702797
0.8332,0.0702623,0.0702623
0.83325,0.070245,0.070245
0.8333,0.0702276,0.0702276
0.83335,0.0702103,0.0702103
0.8334,0.0701929,0.0701929
0.83345,0.0701755,0.0701755
0.8335,0.0701582,0.0701582
0.83355,0.0701408,0.0701408
0.8336,0.0701234,0.0701234
0.83365,0.0701061,0.0701061
0.8337,0.0700887,0.0700887
0.83375,0.0700713,0.0700713
0.8338,0.0700539,0.0700539
0.83385,0.0700365,0.0700365
0.8339,0.0700192,0.0700192
0.83395,0.0700018,0.0700018
0.834,0.0699844,0.0699844
0.83405,0.069967,0.069967
0.8341,0.0699496,0.0699496
0.83415,0.0699322,0.0699322
0.8342,0.0699148,0.0699148
0.83425,0.0698974,0.0698974
0.8343,0.06988,0.06988
0.83435,0.0698626,0.0698626
0.8344,0.0698452,0.0698452
0.83445,0.0698278,0.0698278
0.8345,0.0698104,0.0698104
0.83455,0.069793,0.069793
0.8346,0.0697756,0.0697756
0.83465,0.0697581,0.0697582
0.8347,0.0697407,0.0697407
0.83475,0.0697233,0.0697233
0.8348,0.0697059,0.0697059
0.83485,0.0696885,0.0696885
0.8349,0.069671,0.069671
0.83495,0.0696536,0.0696536
0.835,0.0696362,0.0696362
0.83505,0.0696188,0.0696188
0.8351,0.0696013,0.0696013
0.83515,0.0695839,0.0695839
0.8352,0.0695664,0.0695664
0.83525,0.069549,0.069549
0.8353,0.0695316,0.0695316
0.83535,0.0695141,0.0695141
0.8354,0.0694967,0.0694967
0.83545,0.0694792,0.0694792
0.8355,0.0694618,0.0694618
0.83555,0.0694443,0.0694443
0.8356,0.0694269,0.0694269
0.83565,0.0694094,0.0694094
0.8357,0.069392,0.069392
0.83575,0.0693745,0.0693745
0.8358,0.069357,0.069357
0.83585,0.0693396,0.0693396
0.8359,0.0693221,0.0693221
0.83595,0.0693046,0.0693046
0.836,0.0692872,0.0692872
0.83605,0.0692697,0.0692697
0.8361,0.0692522,0.0692522
0.83615,0.0692347,0.0692347
0.8362,0.0692173,0.0692173
0.83625,0.0691998,0.0691998
0.8363,0.0691823,0.0691823
0.83635,0.0691648,0.0691648
0.8364,0.0691473,0.0691473
0.83645,0.0691298,0.0691298
0.8365,0.0691123,0.0691123
0.83655,0.0690948,0.0690948
0.8366,0.0690773,0.0690773
0.83665,0.0690598,0.0690598
0.8367,0.0690423,0.0690423
0.83675,0.0690248,0.0690248
0.8368,0.0690073,0.0690073
0.83685,0.0689898,0.0689898
0.8369,0.0689723,0.0689723
0.83695,0.0689548,0.0689548
0.837,0.0689373,0.0689373
0.83705,0.0689198,0.0689198
0.8371,0.0689023,0.0689023
0.83715,0.0688847,0.0688847
0.8372,0.0688672,0.0688672
0.83725,0.0688497,0.0688497
0.8373,0.0688322,0.0688322
0.83735,0.0688146,0.0688146
0.8374,0.0687971,0.0687971
0.83745,0.0687796,0.0687796
0.8375,0.068762,0.068762
0.83755,0.0687445,0.0687445
0.8376,0.068727,0.068727
0.83765,0.0687094,0.0687094
0.8377,0.0686919,0.0686919
0.83775,0.0686743,0.0686743
0.8378,0.0686568,0.0686568
0.83785,0.0686392,0.0686392
0.8379,0.0686217,0.0686217
0.83795,0.0686041,0.0686041
0.838,0.0685866,0.0685866
0.83805,0.068569,0.068569
0.8381,0.0685515,0.0685515
0.83815,0.0685339,0.0685339
0.8382,0.0685163,0.0685163
0.83825,0.0684988,0.0684988
0.8383,0.0684812,0.0684812
0.83835,0.0684636,0.0684636
0.8384,0.0684461,0.0684461
0.83845,0.0684285,0.0684285
0.8385,0.0684109,0.0684109
0.83855,0.0683933,0.0683933
0.8386,0.0683758,0.0683758
0.83865,0.0683582,0.0683582
0.8387,0.0683406,0.0683406
0.83875,0.068323,0.068323
0.8388,0.0683054,0.0683054
0.83885,0.0682878,0.0682878
0.8389,0.0682702,0.0682702
0.83895,0.0682526,0.0682526
0.839,0.068235,0.068235
0.83905,0.0682174,0.0682174
0.8391,0.0681998,0.0681998
0.83915,0.0681822,0.0681822
0.8392,0.0681646,0.0681646
0.83925,0.068147,0.068147
0.8393,0.0681294,0.0681294
0.83935,0.0681118,0.0681118
0.8394,0.0680942,0.0680942
0.83945,0.0680766,0.0680766
0.8395,0.068059,0.068059
0.83955,0.0680413,0.0680413
0.8396,0.0680237,0.0680237
0.83965,0.0680061,0.0680061
0.8397,0.0679885,0.0679885
0.83975,0.0679708,0.0679708
0.8398,0.0679532,0.0679532
0.83985,0.0679356,0.0679356
0.8399,0.0679179,0.0679179
0.83995,0.0679003,0.0679003
0.84,0.0678827,0.0678827
0.84005,0.067865,0.067865
0.8401,0.0678474,0.0678474
0.84015,0.0678297,0.0678297
0.8402,0.0678121,0.0678121
0.84025,0.0677944,0.0677944
0.8403,0.0677768,0.0677768
0.84035,0.0677591,0.0677591
0.8404,0.0677415,0.0677415
0.84045,0.0677238,0.0677238
0.8405,0.0677062,0.0677062
0.84055,0.0676885,0.0676885
0.8406,0.0676708,0.0676708
0.84065,0.0676532,0.0676532
0.8407,0.0676355,0.0676355
0.84075,0.0676178,0.0676178
0.8408,0.0676002,0.0676002
0.84085,0.0675825,0.0675825
0.8409,0.0675648,0.0675648
0.84095,0.0675471,0.0675471
0.841,0.0675294,0.0675294
0.84105,0.0675118,0.0675118
0.8411,0.0674941,0.0674941
0.84115,0.0674764,0.0674764
0.8412,0.0674587,0.0674587
0.84125,0.067441,0.067441
0.8413,0.0674233,0.0674233
0.84135,0.0674056,0.0674056
0.8414,0.0673879,0.0673879
0.84145,0.0673702,0.0673702
0.8415,0.0673525,0.0673525
0.84155,0.0673348,0.0673348
0.8416,0.0673171,0.0673171
0.84165,0.0672994,0.0672994
0.8417,0.0672817,0.0672817
0.84175,0.067264,0.067264
0.8418,0.0672463,0.0672463
0.84185,0.0672285,0.0672285
0.8419,0.0672108,0.0672108
0.84195,0.0671931,0.0671931
0.842,0.0671754,0.0671754
0.84205,0.0671577,0.0671577
0.8421,0.0671399,0.0671399
0.84215,0.0671222,0.0671222
0.8422,0.0671045,0.0671045
0.84225,0.0670867,0.0670867
0.8423,0.067069,0.067069
0.84235,0.0670513,0.0670513
0.8424,0.0670335,0.0670335
0.84245,0.0670158,0.0670158
0.8425,0.066998,0.066998
0.84255,0.0669803,0.0669803
0.8426,0.0669625,0.0669625
0.84265,0.0669448,0.0669448
0.8427,0.066927,0.066927
0.84275,0.0669093,0.0669093
0.8428,0.0668915,0.0668915
0.84285,0.0668738,0.0668738
0.8429,0.066856,0.066856
0.84295,0.0668382,0.0668382
0.843,0.0668205,0.0668205
0.84305,0.0668027,0.0668027
0.8431,0.0667849,0.0667849
0.84315,0.0667672,0.0667672
0.8432,0.0667494,0.0667494
0.84325,0.0667316,0.0667316
0.8433,0.0667138,0.0667138
0.84335,0.0666961,0.0666961
0.8434,0.0666783,0.0666783
0.84345,0.0666605,0.0666605
0.8435,0.0666427,0.0666427
0.84355,0.0666249,0.0666249
0.8436,0.0666071,0.0666071
0.84365,0.0665893,0.0665893
0.8437,0.0665715,0.0665715
0.84375,0.0665538,0.0665538
0.8438,0.066536,0.066536
0.84385,0.0665182,0.0665182
0.8439,0.0665003,0.0665003
0.84395,0.0664825,0.0664825
0.844,0.0664647,0.0664647
0.84405,0.0664469,0.0664469
0.8441,0.0664291,0.0664291
0.84415,0.0664113,0.0664113
0.8442,0.0663935,0.0663935
0.84425,0.0663757,0.0663757
0.8443,0.0663578,0.0663578
0.84435,0.06634,0.06634
0.8444,0.0663222,0.0663222
0.84445,0.0663044,0.0663044
0.8445,0.0662865,0.0662865
0.84455,0.0662687,0.0662687
0.8446,0.0662509,0.0662509
0.84465,0.066233,0.066233
0.8447,0.0662152,0.0662152
0.84475,0.0661974,0.0661974
0.8448,0.0661795,0.0661795
0.84485,0.0661617,0.0661617
0.8449,0.0661438,0.0661438
0.84495,0.066126,0.066126
0.845,0.0661081,0.0661081
0.84505,0.0660903,0.0660903
0.8451,0.0660724,0.0660724
0.84515,0.0660546,0.0660546
0.8452,0.0660367,0.0660367
0.84525,0.0660189,0.0660189
0.8453,0.066001,0.066001
0.84535,0.0659831,0.0659831
0.8454,0.0659653,0.0659653
0.84545,0.0659474,0.0659474
0.8455,0.0659295,0.0659295
0.84555,0.0659117,0.0659117
0.8456,0.0658938,0.0658938
0.84565,0.0658759,0.0658759
0.8457,0.065858,0.065858
0.84575,0.0658401,0.0658401
0.8458,0.0658223,0.0658223
0.84585,0.0658044,0.0658044
0.8459,0.0657865,0.0657865
0.84595,0.0657686,0.0657686
0.846,0.0657507,0.0657507
0.84605,0.0657328,0.0657328
0.8461,0.0657149,0.0657149
0.84615,0.065697,0.065697
0.8462,0.0656791,0.0656791
0.84625,0.0656612,0.0656612
0.8463,0.0656433,0.0656433
0.84635,0.0656254,0.0656254
0.8464,0.0656075,0.0656075
0.84645,0.0655896,0.0655896
0.8465,0.0655717,0.0655717
0.84655,0.0655538,0.0655538
0.8466,0.0655358,0.0655358
0.84665,0.0655179,0.0655179
0.8467,0.0655,0.0655
0.84675,0.0654821,0.0654821
0.8468,0.0654642,0.0654642
0.84685,0.0654462,0.0654462
0.8469,0.0654283,0.0654283
0.84695,0.0654104,0.0654104
0.847,0.0653924,0.0653924
0.84705,0.0653745,0.0653745
0.8471,0.0653566,0.0653566
0.84715,0.0653386,0.0653386
0.8472,0.0653207,0.0653207
0.84725,0.0653027,0.0653027
0.8473,0.0652848,0.0652848
0.84735,0.0652668,0.0652668
0.8474,0.0652489,0.0652489
0.84745,0.0652309,0.0652309
0.8475,0.065213,0.065213
0.84755,0.065195,0.065195
0.8476,0.0651771,0.0651771
0.84765,0.0651591,0.0651591
0.8477,0.0651411,0.0651411
0.84775,0.0651232,0.0651232
0.8478,0.0651052,0.0651052
0.84785,0.0650872,0.0650872
0.8479,0.0650693,0.0650693
0.84795,0.0650513,0.0650513
0.848,0.0650333,0.0650333
0.84805,0.0650153,0.0650153
0.8481,0.0649973,0.0649973
0.84815,0.0649794,0.0649794
0.8482,0.0649614,0.0649614
0.84825,0.0649434,0.0649434
0.8483,0.0649254,0.0649254
0.84835,0.0649074,0.0649074
0.8484,0.0648894,0.0648894
0.84845,0.0648714,0.0648714
0.8485,0.0648534,0.0648534
0.84855,0.0648354,0.0648354
0.8486,0.0648174,0.0648174
0.84865,0.0647994,0.0647994
0.8487,0.0647814,0.0647814
0.84875,0.0647634,0.0647634
0.8488,0.0647454,0.0647454
0.84885,0.0647274,0.0647274
0.8489,0.0647094,0.0647094
0.84895,0.0646913,0.0646913
0.849,0.0646733,0.0646733
0.84905,0.0646553,0.0646553
0.8491,0.0646373,0.0646373
0.84915,0.0646193,0.0646193
0.8492,0.0646012,0.0646012
0.84925,0.0645832,0.0645832
0.8493,0.0645652,0.0645652
0.84935,0.0645471,0.0645471
0.8494,0.0645291,0.0645291
0.84945,0.0645111,0.0645111
0.8495,0.064493,0.064493
0.84955,0.064475,0.064475
0.8496,0.0644569,0.0644569
0.84965,0.0644389,0.0644389
0.8497,0.0644208,0.0644208
0.84975,0.0644028,0.0644028
0.8498,0.0643847,0.0643847
0.84985,0.0643667,0.0643667
0.8499,0.0643486,0.0643486
0.84995,0.0643306,0.0643306
0.85,0.0643125,0.0643125
0.85005,0.0642944,0.0642944
0.8501,0.0642764,0.0642764
0.85015,0.0642583,0.0642583
0.8502,0.0642402,0.0642402
0.85025,0.0642222,0.0642222
0.8503,0.0642041,0.0642041
0.85035,0.064186,0.064186
0.8504,0.0641679,0.0641679
0.85045,0.0641499,0.0641499
0.8505,0.0641318,0.0641318
0.85055,0.0641137,0.0641137
0.8506,0.0640956,0.0640956
0.85065,0.0640775,0.0640775
0.8507,0.0640594,0.0640594
0.85075,0.0640413,0.0640413
0.8508,0.0640232,0.0640232
0.85085,0.0640051,0.0640051
0.8509,0.063987,0.063987
0.85095,0.0639689,0.0639689
0.851,0.0639508,0.0639508
0.85105,0.0639327,0.0639327
0.8511,0.0639146,0.0639146
0.85115,0.0638965,0.0638965
0.8512,0.0638784,0.0638784
0.85125,0.0638603,0.0638603
0.8513,0.0638422,0.0638422
0.85135,0.063824,0.063824
0.8514,0.0638059,0.0638059
0.85145,0.0637878,0.0637878
0.8515,0.0637697,0.0637697
0.85155,0.0637515,0.0637515
0.8516,0.0637334,0.0637334
0.85165,0.0637153,0.0637153
0.8517,0.0636971,0.0636971
0.85175,0.063679,0.063679
0.8518,0.0636609,0.0636609
0.85185,0.0636427,0.0636427
0.8519,0.0636246,0.0636246
0.85195,0.0636064,0.0636064
0.852,0.0635883,0.0635883
0.85205,0.0635701,0.0635702
0.8521,0.063552,0.063552
0.85215,0.0635338,0.0635338
0.8522,0.0635157,0.0635157
0.85225,0.0634975,0.0634975
0.8523,0.0634794,0.0634794
0.85235,0.0634612,0.0634612
0.8524,0.063443,0.063443
0.85245,0.0634249,0.0634249
0.8525,0.0634067,0.0634067
0.85255,0.0633885,0.0633885
0.8526,0.0633704,0.0633704
0.85265,0.0633522,0.0633522
0.8527,0.063334,0.063334
0.85275,0.0633158,0.0633158
0.8528,0.0632977,0.0632977
0.85285,0.0632795,0.0632795
0.8529,0.0632613,0.0632613
0.85295,0.0632431,0.0632431
0.853,0.0632249,0.0632249
0.85305,0.0632067,0.0632067
0.8531,0.0631885,0.0631885
0.85315,0.0631703,0.0631703
0.8532,0.0631521,0.0631521
0.85325,0.0631339,0.0631339
0.8533,0.0631157,0.0631157
0.85335,0.0630975,0.0630975
0.8534,0.0630793,0.0630793
0.85345,0.0630611,0.0630611
0.8535,0.0630429,0.0630429
0.85355,0.0630247,0.0630247
0.8536,0.0630065,0.0630065
0.85365,0.0629883,0.0629883
0.8537,0.06297,0.06297
0.85375,0.0629518,0.0629518
0.8538,0.0629336,0.0629336
0.85385,0.0629154,0.0629154
0.8539,0.0628972,0.0628972
0.85395,0.0628789,0.0628789
0.854,0.0628607,0.0628607
0.85405,0.0628425,0.0628425
0.8541,0.0628242,0.0628242
0.85415,0.062806,0.062806
0.8542,0.0627877,0.0627877
0.85425,0.0627695,0.0627695
0.8543,0.0627513,0.0627513
0.85435,0.062733,0.062733
0.8544,0.0627148,0.0627148
0.85445,0.0626965,0.0626965
0.8545,0.0626783,0.0626783
0.85455,0.06266,0.06266
0.8546,0.0626417,0.0626417
0.85465,0.0626235,0.0626235
0.8547,0.0626052,0.0626052
0.85475,0.062587,0.062587
0.8548,0.0625687,0.0625687
0.85485,0.0625504,0.0625504
0.8549,0.0625322,0.0625322
0.85495,0.0625139,0.0625139
0.855,0.0624956,0.0624956
0.85505,0.0624773,0.0624773
0.8551,0.062459,0.062459
0.85515,0.0624408,0.0624408
0.8552,0.0624225,0.0624225
0.85525,0.0624042,0.0624042
0.8553,0.0623859,0.0623859
0.85535,0.0623676,0.0623676
0.8554,0.0623493,0.0623493
0.85545,0.062331,0.062331
0.8555,0.0623127,0.0623127
0.85555,0.0622944,0.0622944
0.8556,0.0622761,0.0622761
0.85565,0.0622578,0.0622578
0.8557,0.0622395,0.0622395
0.85575,0.0622212,0.0622212
0.8558,0.0622029,0.0622029
0.85585,0.0621846,0.0621846
0.8559,0.0621663,0.0621663
0.85595,0.062148,0.062148
0.856,0.0621297,0.0621297
0.85605,0.0621113,0.0621113
0.8561,0.062093,0.062093
0.85615,0.0620747,0.0620747
0.8562,0.0620564,0.0620564
0.85625,0.062038,0.062038
0.8563,0.0620197,0.0620197
0.85635,0.0620014,0.0620014
0.8564,0.061983,0.061983
0.85645,0.0619647,0.0619647
0.8565,0.0619464,0.0619464
0.85655,0.061928,0.061928
0.8566,0.0619097,0.0619097
0.85665,0.0618913,0.0618913
0.8567,0.061873,0.061873
0.85675,0.0618546,0.0618546
0.8568,0.0618363,0.0618363
0.85685,0.0618179,0.0618179
0.8569,0.0617996,0.0617996
0.85695,0.0617812,0.0617812
0.857,0.0617629,0.0617629
0.85705,0.0617445,0.0617445
0.8571,0.0617261,0.0617261
0.85715,0.0617078,0.0617078
0.8572,0.0616894,0.0616894
0.85725,0.061671,0.061671
0.8573,0.0616527,0.0616527
0.85735,0.0616343,0.0616343
0.8574,0.0616159,0.0616159
0.85745,0.0615975,0.0615975
0.8575,0.0615791,0.0615791
0.85755,0.0615608,0.0615608
0.8576,0.0615424,0.0615424
0.85765,0.061524,0.061524
0.8577,0.0615056,0.0615056
0.85775,0.0614872,0.0614872
0.8578,0.0614688,0.0614688
0.85785,0.0614504,0.0614504
0.8579,0.061432,0.061432
0.85795,0.0614136,0.0614136
0.858,0.0613952,0.0613952
0.85805,0.0613768,0.0613768
0.8581,0.0613584,0.0613584
0.85815,0.06134,0.06134
0.8582,0.0613216,0.0613216
0.85825,0.0613032,0.0613032
0.8583,0.0612848,0.0612848
0.85835,0.0612663,0.0612663
0.8584,0.0612479,0.0612479
0.85845,0.0612295,0.0612295
0.8585,0.0612111,0.0612111
0.85855,0.0611926,0.0611926
0.8586,0.0611742,0.0611742
0.85865,0.0611558,0.0611558
0.8587,0.0611373,0.0611373
0.85875,0.0611189,0.0611189
0.8588,0.0611005,0.0611005
0.85885,0.061082,0.061082
0.8589,0.0610636,0.0610636
0.85895,0.0610451,0.0610451
0.859,0.0610267,0.0610267
0.85905,0.0610083,0.0610083
0.8591,0.0609898,0.0609898
0.85915,0.0609714,0.0609714
0.8592,0.0609529,0.0609529
0.85925,0.0609344,0.0609344
0.8593,0.060916,0.060916
0.85935,0.0608975,0.0608975
0.8594,0.0608791,0.0608791
0.85945,0.0608606,0.0608606
0.8595,0.0608421,0.0608421
0.85955,0.0608237,0.0608237
0.8596,0.0608052,0.0608052
0.85965,0.0607867,0.0607867
0.8597,0.0607682,0.0607682
0.85975,0.0607498,0.0607498
0.8598,0.0607313,0.0607313
0.85985,0.0607128,0.0607128
0.8599,0.0606943,0.0606943
0.85995,0.0606758,0.0606758
0.86,0.0606573,0.0606573
0.86005,0.0606388,0.0606388
0.8601,0.0606203,0.0606203
0.86015,0.0606019,0.0606019
0.8602,0.0605834,0.0605834
0.86025,0.0605649,0.0605649
0.8603,0.0605464,0.0605464
0.86035,0.0605278,0.0605279
0.8604,0.0605093,0.0605093
0.86045,0.0604908,0.0604908
0.8605,0.0604723,0.0604723
0.86055,0.0604538,0.0604538
0.8606,0.0604353,0.0604353
0.86065,0.0604168,0.0604168
0.8607,0.0603983,0.0603983
0.86075,0.0603797,0.0603797
0.8608,0.0603612,0.0603612
0.86085,0.0603427,0.0603427
0.8609,0.0603242,0.0603242
0.86095,0.0603056,0.0603056
0.861,0.0602871,0.0602871
0.86105,0.0602686,0.0602686
0.8611,0.06025,0.06025
0.86115,0.0602315,0.0602315
0.8612,0.060213,0.060213
0.86125,0.0601944,0.0601944
0.8613,0.0601759,0.0601759
0.86135,0.0601573,0.0601573
0.8614,0.0601388,0.0601388
0.86145,0.0601202,0.0601202
0.8615,0.0601017,0.0601017
0.86155,0.0600831,0.0600831
0.8616,0.0600646,0.0600646
0.86165,0.060046,0.060046
0.8617,0.0600274,0.0600274
0.86175,0.0600089,0.0600089
0.8618,0.0599903,0.0599903
0.86185,0.0599717,0.0599717
0.8619,0.0599532,0.0599532
0.86195,0.0599346,0.0599346
0.862,0.059916,0.059916
0.86205,0.0598974,0.0598974
0.8621,0.0598789,0.0598789
0.86215,0.0598603,0.0598603
0.8622,0.0598417,0.0598417
0.86225,0.0598231,0.0598231
0.8623,0.0598045,0.0598045
0.86235,0.0597859,0.0597859
0.8624,0.0597673,0.0597673
0.86245,0.0597487,0.0597487
0.8625,0.0597301,0.0597301
0.86255,0.0597115,0.0597115
0.8626,0.0596929,0.0596929
0.86265,0.0596743,0.0596743
0.8627,0.0596557,0.0596557
0.86275,0.0596371,0.0596371
0.8628,0.0596185,0.0596185
0.86285,0.0595999,0.0595999
0.8629,0.0595813,0.0595813
0.86295,0.0595627,0.0595627
0.863,0.0595441,0.0595441
0.86305,0.0595254,0.0595254
0.8631,0.0595068,0.0595068
0.86315,0.0594882,0.0594882
0.8632,0.0594696,0.0594696
0.86325,0.0594509,0.0594509
0.8633,0.0594323,0.0594323
0.86335,0.0594137,0.0594137
0.8634,0.059395,0.059395
0.86345,0.0593764,0.0593764
0.8635,0.0593578,0.0593578
0.86355,0.0593391,0.0593391
0.8636,0.0593205,0.0593205
0.86365,0.0593018,0.0593018
0.8637,0.0592832,0.0592832
0.86375,0.0592645,0.0592645
0.8638,0.0592459,0.0592459
0.86385,0.0592272,0.0592272
0.8639,0.0592086,0.0592086
0.86395,0.0591899,0.0591899
0.864,0.0591712,0.0591712
0.86405,0.0591526,0.0591526
0.8641,0.0591339,0.0591339
0.86415,0.0591152,0.0591152
0.8642,0.0590966,0.0590966
0.86425,0.0590779,0.0590779
0.8643,0.0590592,0.0590592
0.86435,0.0590406,0.0590406
0.8644,0.0590219,0.0590219
0.86445,0.0590032,0.0590032
0.8645,0.0589845,0.0589845
0.86455,0.0589658,0.0589658
0.8646,0.0589471,0.0589471
0.86465,0.0589284,0.0589284
0.8647,0.0589098,0.0589098
0.86475,0.0588911,0.0588911
0.8648,0.0588724,0.0588724
0.86485,0.0588537,0.0588537
0.8649,0.058835,0.058835
0.86495,0.0588163,0.0588163
0.865,0.0587976,0.0587976
0.86505,0.0587789,0.0587789
0.8651,0.0587601,0.0587601
0.86515,0.0587414,0.0587414
0.8652,0.0587227,0.0587227
0.86525,0.058704,0.058704
0.8653,0.0586853,0.0586853
0.86535,0.0586666,0.0586666
0.8654,0.0586478,0.0586478
0.86545,0.0586291,0.0586291
0.8655,0.0586104,0.0586104
0.86555,0.0585917,0.0585917
0.8656,0.0585729,0.0585729
0.86565,0.0585542,0.0585542
0.8657,0.0585355,0.0585355
0.86575,0.0585167,0.0585167
0.8658,0.058498,0.058498
0.86585,0.0584793,0.0584793
0.8659,0.0584605,0.0584605
0.86595,0.0584418,0.0584418
0.866,0.058423,0.058423
0.86605,0.0584043,0.0584043
0.8661,0.0583855,0.0583855
0.86615,0.0583668,0.0583668
0.8662,0.058348,0.058348
0.86625,0.0583292,0.0583292
0.8663,0.0583105,0.0583105
0.86635,0.0582917,0.0582917
0.8664,0.058273,0.058273
0.86645,0.0582542,0.0582542
0.8665,0.0582354,0.0582354
0.86655,0.0582166,0.0582166
0.8666,0.0581979,0.0581979
0.86665,0.0581791,0.0581791
0.8667,0.0581603,0.0581603
0.86675,0.0581415,0.0581415
0.8668,0.0581228,0.0581228
0.86685,0.058104,0.058104
0.8669,0.0580852,0.0580852
0.86695,0.0580664,0.0580664
0.867,0.0580476,0.0580476
0.86705,0.0580288,0.0580288
0.8671,0.05801,0.05801
0.86715,0.0579912,0.0579912
0.8672,0.0579724,0.0579724
0.86725,0.0579536,0.0579536
0.8673,0.0579348,0.0579348
0.86735,0.057916,0.057916
0.8674,0.0578972,0.0578972
0.86745,0.0578784,0.0578784
0.8675,0.0578596,0.0578596
0.86755,0.0578408,0.0578408
0.8676,0.0578219,0.0578219
0.86765,0.0578031,0.0578031
0.8677,0.0577843,0.0577843
0.86775,0.0577655,0.0577655
0.8678,0.0577467,0.0577467
0.86785,0.0577278,0.0577278
0.8679,0.057709,0.057709
0.86795,0.0576902,0.0576902
0.868,0.0576713,0.0576713
0.86805,0.0576525,0.0576525
0.8681,0.0576337,0.0576337
0.86815,0.0576148,0.0576148
0.8682,0.057596,0.057596
0.86825,0.0575771,0.0575771
0.8683,0.0575583,0.0575583
0.86835,0.0575394,0.0575394
0.8684,0.0575206,0.0575206
0.86845,0.0575017,0.0575017
0.8685,0.0574829,0.0574829
0.86855,0.057464,0.057464
0.8686,0.0574451,0.0574451
0.86865,0.0574263,0.0574263
0.8687,0.0574074,0.0574074
0.86875,0.0573885,0.0573885
0.8688,0.0573697,0.0573697
0.86885,0.0573508,0.0573508
0.8689,0.0573319,0.0573319
0.86895,0.0573131,0.0573131
0.869,0.0572942,0.0572942
0.86905,0.0572753,0.0572753
0.8691,0.0572564,0.0572564
0.86915,0.0572375,0.0572375
0.8692,0.0572186,0.0572186
0.86925,0.0571998,0.0571998
0.8693,0.0571809,0.0571809
0.86935,0.057162,0.057162
0.8694,0.0571431,0.0571431
0.86945,0.0571242,0.0571242
0.8695,0.0571053,0.0571053
0.86955,0.0570864,0.0570864
0.8696,0.0570675,0.0570675
0.86965,0.0570486,0.0570486
0.8697,0.0570297,0.0570297
0.86975,0.0570108,0.0570108
0.8698,0.0569918,0.0569918
0.86985,0.0569729,0.0569729
0.8699,0.056954,0.056954
0.86995,0.0569351,0.0569351
0.87,0.0569162,0.0569162
0.87005,0.0568972,0.0568972
0.8701,0.0568783,0.0568783
0.87015,0.0568594,0.0568594
0.8702,0.0568405,0.0568405
0.87025,0.0568215,0.0568215
0.8703,0.0568026,0.0568026
0.87035,0.0567837,0.0567837
0.8704,0.0567647,0.0567647
0.87045,0.0567458,0.0567458
0.8705,0.0567268,0.0567268
0.87055,0.0567079,0.0567079
0.8706,0.0566889,0.0566889
0.87065,0.05667,0.05667
0.8707,0.056651,0.056651
0.87075,0.0566321,0.0566321
0.8708,0.0566131,0.0566131
0.87085,0.0565942,0.0565942
0.8709,0.0565752,0.0565752
0.87095,0.0565562,0.0565562
0.871,0.0565373,0.0565373
0.87105,0.0565183,0.0565183
0.8711,0.0564993,0.0564993
0.87115,0.0564804,0.0564804
0.8712,0.0564614,0.0564614
0.87125,0.0564424,0.0564424
0.8713,0.0564234,0.0564234
0.87135,0.0564045,0.0564045
0.8714,0.0563855,0.0563855
0.87145,0.0563665,0.0563665
0.8715,0.0563475,0.0563475
0.87155,0.0563285,0.0563285
0.8716,0.0563095,0.0563095
0.87165,0.0562905,0.0562905
0.8717,0.0562715,0.0562715
0.87175,0.0562525,0.0562525
0.8718,0.0562335,0.0562335
0.87185,0.0562145,0.0562145
0.8719,0.0561955,0.0561955
0.87195,0.0561765,0.0561765
0.872,0.0561575,0.0561575
0.87205,0.0561385,0.0561385
0.8721,0.0561195,0.0561195
0.87215,0.0561005,0.0561005
0.8722,0.0560815,0.0560815
0.87225,0.0560624,0.0560625
0.8723,0.0560434,0.0560434
0.87235,0.0560244,0.0560244
0.8724,0.0560054,0.0560054
0.87245,0.0559863,0.0559864
0.8725,0.0559673,0.0559673
0.87255,0.0559483,0.0559483
0.8726,0.0559293,0.0559293
0.87265,0.0559102,0.0559102
0.8727,0.0558912,0.0558912
0.87275,0.0558721,0.0558721
0.8728,0.0558531,0.0558531
0.87285,0.055834,0.055834
0.8729,0.055815,0.055815
0.87295,0.0557959,0.0557959
0.873,0.0557769,0.0557769
0.87305,0.0557578,0.0557578
0.8731,0.0557388,0.0557388
0.87315,0.0557197,0.0557197
0.8732,0.0557007,0.0557007
0.87325,0.0556816,0.0556816
0.8733,0.0556625,0.0556625
0.87335,0.0556435,0.0556435
0.8734,0.0556244,0.0556244
0.87345,0.0556053,0.0556053
0.8735,0.0555863,0.0555863
0.87355,0.0555672,0.0555672
0.8736,0.0555481,0.0555481
0.87365,0.055529,0.055529
0.8737,0.0555099,0.0555099
0.87375,0.0554909,0.0554909
0.8738,0.0554718,0.0554718
0.87385,0.0554527,0.0554527
0.8739,0.0554336,0.0554336
0.87395,0.0554145,0.0554145
0.874,0.0553954,0.0553954
0.87405,0.0553763,0.0553763
0.8741,0.0553572,0.0553572
0.87415,0.0553381,0.0553381
0.8742,0.055319,0.055319
0.87425,0.0552999,0.0552999
0.8743,0.0552808,0.0552808
0.87435,0.0552617,0.0552617
0.8744,0.0552426,0.0552426
0.87445,0.0552234,0.0552234
0.8745,0.0552043,0.0552043
0.87455,0.0551852,0.0551852
0.8746,0.0551661,0.0551661
0.87465,0.055147,0.055147
0.8747,0.0551278,0.0551278
0.87475,0.0551087,0.0551087
0.8748,0.0550896,0.0550896
0.87485,0.0550704,0.0550704
0.8749,0.0550513,0.0550513
0.87495,0.0550322,0.0550322
0.875,0.055013,0.055013
0.87505,0.0549939,0.0549939
0.8751,0.0549747,0.0549747
0.87515,0.0549556,0.0549556
0.8752,0.0549364,0.0549364
0.87525,0.0549173,0.0549173
0.8753,0.0548981,0.0548981
0.87535,0.054879,0.054879
0.8754,0.0548598,0.0548598
0.87545,0.0548407,0.0548407
0.8755,0.0548215,0.0548215
0.87555,0.0548023,0.0548023
0.8756,0.0547832,0.0547832
0.87565,0.054764,0.054764
0.8757,0.0547448,0.0547448
0.87575,0.0547257,0.0547257
0.8758,0.0547065,0.0547065
0.87585,0.0546873,0.0546873
0.8759,0.0546681,0.0546681
0.87595,0.054649,0.054649
0.876,0.0546298,0.0546298
0.87605,0.0546106,0.0546106
0.8761,0.0545914,0.0545914
0.87615,0.0545722,0.0545722
0.8762,0.054553,0.054553
0.87625,0.0545338,0.0545338
0.8763,0.0545146,0.0545146
0.87635,0.0544954,0.0544954
0.8764,0.0544762,0.0544762
0.87645,0.054457,0.054457
0.8765,0.0544378,0.0544378
0.87655,0.0544186,0.0544186
0.8766,0.0543994,0.0543994
0.87665,0.0543802,0.0543802
0.8767,0.054361,0.054361
0.87675,0.0543418,0.0543418
0.8768,0.0543225,0.0543225
0.87685,0.0543033,0.0543033
0.8769,0.0542841,0.0542841
0.87695,0.0542649,0.0542649
0.877,0.0542456,0.0542456
0.87705,0.0542264,0.0542264
0.8771,0.0542072,0.0542072
0.87715,0.0541879,0.0541879
0.8772,0.0541687,0.0541687
0.87725,0.0541495,0.0541495
0.8773,0.0541302,0.0541302
0.87735,0.054111,0.054111
0.8774,0.0540917,0.0540917
0.87745,0.0540725,0.0540725
0.8775,0.0540533,0.0540533
0.87755,0.054034,0.054034
0.8776,0.0540147,0.0540147
0.87765,0.0539955,0.0539955
0.8777,0.0539762,0.0539762
0.87775,0.053957,0.053957
0.8778,0.0539377,0.0539377
0.87785,0.0539184,0.0539184
0.8779,0.0538992,0.0538992
0.87795,0.0538799,0.0538799
0.878,0.0538606,0.0538606
0.87805,0.0538414,0.0538414
0.8781,0.0538221,0.0538221
0.87815,0.0538028,0.0538028
0.8782,0.0537835,0.0537835
0.87825,0.0537643,0.0537643
0.8783,0.053745,0.053745
0.87835,0.0537257,0.0537257
0.8784,0.0537064,0.0537064
0.87845,0.0536871,0.0536871
0.8785,0.0536678,0.0536678
0.87855,0.0536485,0.0536485
0.8786,0.0536292,0.0536292
0.87865,0.0536099,0.0536099
0.8787,0.0535906,0.0535906
0.87875,0.0535713,0.0535713
0.8788,0.053552,0.053552
0.87885,0.0535327,0.0535327
0.8789,0.0535134,0.0535134
0.87895,0.0534941,0.0534941
0.879,0.0534748,0.0534748
0.87905,0.0534554,0.0534554
0.8791,0.0534361,0.0534361
0.87915,0.0534168,0.0534168
0.8792,0.0533975,0.0533975
0.87925,0.0533782,0.0533782
0.8793,0.0533588,0.0533588
0.87935,0.0533395,0.0533395
0.8794,0.0533202,0.0533202
0.87945,0.0533008,0.0533008
0.8795,0.0532815,0.0532815
0.87955,0.0532621,0.0532622
0.8796,0.0532428,0.0532428
0.87965,0.0532235,0.0532235
0.8797,0.0532041,0.0532041
0.87975,0.0531848,0.0531848
0.8798,0.0531654,0.0531654
0.87985,0.0531461,0.0531461
0.8799,0.0531267,0.0531267
0.87995,0.0531074,0.0531074
0.88,0.053088,0.053088
0.88005,0.0530686,0.0530686
0.8801,0.0530493,0.0530493
0.88015,0.0530299,0.0530299
0.8802,0.0530105,0.0530105
0.88025,0.0529912,0.0529912
0.8803,0.0529718,0.0529718
0.88035,0.0529524,0.0529524
0.8804,0.052933,0.052933
0.88045,0.0529137,0.0529137
0.8805,0.0528943,0.0528943
0.88055,0.0528749,0.0528749
0.8806,0.0528555,0.0528555
0.88065,0.0528361,0.0528361
0.8807,0.0528167,0.0528167
0.88075,0.0527974,0.0527974
0.8808,0.052778,0.052778
0.88085,0.0527586,0.0527586
0.8809,0.0527392,0.0527392
0.88095,0.0527198,0.0527198
0.881,0.0527004,0.0527004
0.88105,0.052681,0.052681
0.8811,0.0526615,0.0526615
0.88115,0.0526421,0.0526421
0.8812,0.0526227,0.0526227
0.88125,0.0526033,0.0526033
0.8813,0.0525839,0.0525839
0.88135,0.0525645,0.0525645
0.8814,0.0525451,0.0525451
0.88145,0.0525256,0.0525256
0.8815,0.0525062,0.0525062
0.88155,0.0524868,0.0524868
0.8816,0.0524674,0.0524674
0.88165,0.0524479,0.0524479
0.8817,0.0524285,0.0524285
0.88175,0.0524091,0.0524091
0.8818,0.0523896,0.0523896
0.88185,0.0523702,0.0523702
0.8819,0.0523507,0.0523507
0.88195,0.0523313,0.0523313
0.882,0.0523118,0.0523118
0.88205,0.0522924,0.0522924
0.8821,0.0522729,0.0522729
0.88215,0.0522535,0.0522535
0.8822,0.052234,0.052234
0.88225,0.0522146,0.0522146
0.8823,0.0521951,0.0521951
0.88235,0.0521756,0.0521756
0.8824,0.0521562,0.0521562
0.88245,0.0521367,0.0521367
0.8825,0.0521172,0.0521172
0.88255,0.0520978,0.0520978
0.8826,0.0520783,0.0520783
0.88265,0.0520588,0.0520588
0.8827,0.0520393,0.0520393
0.88275,0.0520199,0.0520199
0.8828,0.0520004,0.0520004
0.88285,0.0519809,0.0519809
0.8829,0.0519614,0.0519614
0.88295,0.0519419,0.0519419
0.883,0.0519224,0.0519224
0.88305,0.0519029,0.0519029
0.8831,0.0518834,0.0518834
0.88315,0.0518639,0.0518639
0.8832,0.0518444,0.0518444
0.88325,0.0518249,0.0518249
0.8833,0.0518054,0.0518054
0.88335,0.0517859,0.0517859
0.8834,0.0517664,0.0517664
0.88345,0.0517469,0.0517469
0.8835,0.0517274,0.0517274
0.88355,0.0517079,0.0517079
0.8836,0.0516884,0.0516884
0.88365,0.0516688,0.0516688
0.8837,0.0516493,0.0516493
0.88375,0.0516298,0.0516298
0.8838,0.0516103,0.0516103
0.88385,0.0515907,0.0515907
0.8839,0.0515712,0.0515712
0.88395,0.0515517,0.0515517
0.884,0.0515321,0.0515321
0.88405,0.0515126,0.0515126
0.8841,0.0514931,0.0514931
0.88415,0.0514735,0.0514735
0.8842,0.051454,0.051454
0.88425,0.0514344,0.0514344
0.8843,0.0514149,0.0514149
0.88435,0.0513953,0.0513953
0.8844,0.0513758,0.0513758
0.88445,0.0513562,0.0513562
0.8845,0.0513367,0.0513367
0.88455,0.0513171,0.0513171
0.8846,0.0512976,0.0512976
0.88465,0.051278,0.051278
0.8847,0.0512584,0.0512584
0.88475,0.0512389,0.0512389
0.8848,0.0512193,0.0512193
0.88485,0.0511997,0.0511997
0.8849,0.0511801,0.0511801
0.88495,0.0511606,0.0511606
0.885,0.051141,0.051141
0.88505,0.0511214,0.0511214
0.8851,0.0511018,0.0511018
0.88515,0.0510822,0.0510822
0.8852,0.0510626,0.0510626
0.88525,0.051043,0.051043
0.8853,0.0510235,0.0510235
0.88535,0.0510039,0.0510039
0.8854,0.0509843,0.0509843
0.88545,0.0509647,0.0509647
0.8855,0.0509451,0.0509451
0.88555,0.0509255,0.0509255
0.8856,0.0509059,0.0509059
0.88565,0.0508862,0.0508862
0.8857,0.0508666,0.0508666
0.88575,0.050847,0.050847
0.8858,0.0508274,0.0508274
0.88585,0.0508078,0.0508078
0.8859,0.0507882,0.0507882
0.88595,0.0507685,0.0507685
0.886,0.0507489,0.0507489
0.88605,0.0507293,0.0507293
0.8861,0.0507097,0.0507097
0.88615,0.05069,0.05069
0.8862,0.0506704,0.0506704
0.88625,0.0506508,0.0506508
0.8863,0.0506311,0.0506311
0.88635,0.0506115,0.0506115
0.8864,0.0505919,0.0505919
0.88645,0.0505722,0.0505722
0.8865,0.0505526,0.0505526
0.88655,0.0505329,0.0505329
0.8866,0.0505133,0.0505133
0.88665,0.0504936,0.0504936
0.8867,0.050474,0.050474
0.88675,0.0504543,0.0504543
0.8868,0.0504346,0.0504346
0.88685,0.050415,0.050415
0.8869,0.0503953,0.0503953
0.88695,0.0503756,0.0503757
0.887,0.050356,0.050356
0.88705,0.0503363,0.0503363
0.8871,0.0503166,0.0503166
0.88715,0.050297,0.050297
0.8872,0.0502773,0.0502773
0.88725,0.0502576,0.0502576
0.8873,0.0502379,0.0502379
0.88735,0.0502182,0.0502182
0.8874,0.0501986,0.0501986
0.88745,0.0501789,0.0501789
0.8875,0.0501592,0.0501592
0.88755,0.0501395,0.0501395
0.8876,0.0501198,0.0501198
0.88765,0.0501001,0.0501001
0.8877,0.0500804,0.0500804
0.88775,0.0500607,0.0500607
0.8878,0.050041,0.050041
0.88785,0.0500213,0.0500213
0.8879,0.0500016,0.0500016
0.88795,0.0499819,0.0499819
0.888,0.0499622,0.0499622
0.88805,0.0499424,0.0499424
0.8881,0.0499227,0.0499227
0.88815,0.049903,0.049903
0.8882,0.0498833,0.0498833
0.88825,0.0498636,0.0498636
0.8883,0.0498438,0.0498438
0.88835,0.0498241,0.0498241
0.8884,0.0498044,0.0498044
0.88845,0.0497846,0.0497846
0.8885,0.0497649,0.0497649
0.88855,0.0497452,0.0497452
0.8886,0.0497254,0.0497254
0.88865,0.0497057,0.0497057
0.8887,0.0496859,0.0496859
0.88875,0.0496662,0.0496662
0.8888,0.0496465,0.0496465
0.88885,0.0496267,0.0496267
0.8889,0.049607,0.049607
0.88895,0.0495872,0.0495872
0.889,0.0495674,0.0495674
0.88905,0.0495477,0.0495477
0.8891,0.0495279,0.0495279
0.88915,0.0495082,0.0495082
0.8892,0.0494884,0.0494884
0.88925,0.0494686,0.0494686
0.8893,0.0494489,0.0494489
0.88935,0.0494291,0.0494291
0.8894,0.0494093,0.0494093
0.88945,0.0493895,0.0493895
0.8895,0.0493697,0.0493697
0.88955,0.04935,0.04935
0.8896,0.0493302,0.0493302
0.88965,0.0493104,0.0493104
0.8897,0.0492906,0.0492906
0.88975,0.0492708,0.0492708
0.8898,0.049251,0.049251
0.88985,0.0492312,0.0492312
0.8899,0.0492114,0.0492114
0.88995,0.0491916,0.0491916
0.89,0.0491718,0.0491718
0.89005,0.049152,0.049152
0.8901,0.0491322,0.0491322
0.89015,0.0491124,0.0491124
0.8902,0.0490926,0.0490926
0.89025,0.0490728,0.0490728
0.8903,0.049053,0.049053
0.89035,0.0490332,0.0490332
0.8904,0.0490133,0.0490133
0.89045,0.0489935,0.0489935
0.8905,0.0489737,0.0489737
0.89055,0.0489539,0.0489539
0.8906,0.048934,0.048934
0.89065,0.0489142,0.0489142
0.8907,0.0488944,0.0488944
0.89075,0.0488745,0.0488745
0.8908,0.0488547,0.0488547
0.89085,0.0488349,0.0488349
0.8909,0.048815,0.048815
0.89095,0.0487952,0.0487952
0.891,0.0487753,0.0487753
0.89105,0.0487555,0.0487555
0.8911,0.0487356,0.0487356
0.89115,0.0487158,0.0487158
0.8912,0.0486959,0.0486959
0.89125,0.0486761,0.0486761
0.8913,0.0486562,0.0486562
0.89135,0.0486364,0.0486364
0.8914,0.0486165,0.0486165
0.89145,0.0485966,0.0485966
0.8915,0.0485768,0.0485768
0.89155,0.0485569,0.0485569
0.8916,0.048537,0.048537
0.89165,0.0485171,0.0485171
0.8917,0.0484973,0.0484973
0.89175,0.0484774,0.0484774
0.8918,0.0484575,0.0484575
0.89185,0.0484376,0.0484376
0.8919,0.0484177,0.0484177
0.89195,0.0483978,0.0483978
0.892,0.048378,0.048378
0.89205,0.0483581,0.0483581
0.8921,0.0483382,0.0483382
0.89215,0.0483183,0.0483183
0.8922,0.0482984,0.0482984
0.89225,0.0482785,0.0482785
0.8923,0.0482586,0.0482586
0.89235,0.0482387,0.0482387
0.8924,0.0482187,0.0482187
0.89245,0.0481988,0.0481988
0.8925,0.0481789,0.0481789
0.89255,0.048159,0.048159
0.8926,0.0481391,0.0481391
0.89265,0.0481192,0.0481192
0.8927,0.0480993,0.0480993
0.89275,0.0480793,0.0480793
0.8928,0.0480594,0.0480594
0.89285,0.0480395,0.0480395
0.8929,0.0480195,0.0480195
0.89295,0.0479996,0.0479996
0.893,0.0479797,0.0479797
0.89305,0.0479597,0.0479597
0.8931,0.0479398,0.0479398
0.89315,0.0479199,0.0479199
0.8932,0.0478999,0.0478999
0.89325,0.04788,0.04788
0.8933,0.04786,0.04786
0.89335,0.0478401,0.0478401
0.8934,0.0478201,0.0478201
0.89345,0.0478002,0.0478002
0.8935,0.0477802,0.0477802
0.89355,0.0477602,0.0477602
0.8936,0.0477403,0.0477403
0.89365,0.0477203,0.0477203
0.8937,0.0477003,0.0477003
0.89375,0.0476804,0.0476804
0.8938,0.0476604,0.0476604
0.89385,0.0476404,0.0476404
0.8939,0.0476205,0.0476205
0.89395,0.0476005,0.0476005
0.894,0.0475805,0.0475805
0.89405,0.0475605,0.0475605
0.8941,0.0475405,0.0475405
0.89415,0.0475205,0.0475205
0.8942,0.0475006,0.0475006
0.89425,0.0474806,0.0474806
0.8943,0.0474606,0.0474606
0.89435,0.0474406,0.0474406
0.8944,0.0474206,0.0474206
0.89445,0.0474006,0.0474006
0.8945,0.0473806,0.0473806
0.89455,0.0473606,0.0473606
0.8946,0.0473406,0.0473406
0.89465,0.0473206,0.0473206
0.8947,0.0473006,0.0473006
0.89475,0.0472805,0.0472805
0.8948,0.0472605,0.0472605
0.89485,0.0472405,0.0472405
0.8949,0.0472205,0.0472205
0.89495,0.0472005,0.0472005
0.895,0.0471804,0.0471804
0.89505,0.0471604,0.0471604
0.8951,0.0471404,0.0471404
0.89515,0.0471203,0.0471204
0.8952,0.0471003,0.0471003
0.89525,0.0470803,0.0470803
0.8953,0.0470602,0.0470602
0.89535,0.0470402,0.0470402
0.8954,0.0470202,0.0470202
0.89545,0.0470001,0.0470001
0.8955,0.0469801,0.0469801
0.89555,0.04696,0.04696
0.8956,0.04694,0.04694
0.89565,0.0469199,0.0469199
0.8957,0.0468999,0.0468999
0.89575,0.0468798,0.0468798
0.8958,0.0468597,0.0468597
0.89585,0.0468397,0.0468397
0.8959,0.0468196,0.0468196
0.89595,0.0467995,0.0467995
0.896,0.0467795,0.0467795
0.89605,0.0467594,0.0467594
0.8961,0.0467393,0.0467393
0.89615,0.0467193,0.0467193
0.8962,0.0466992,0.0466992
0.89625,0.0466791,0.0466791
0.8963,0.046659,0.046659
0.89635,0.0466389,0.0466389
0.8964,0.0466188,0.0466188
0.89645,0.0465988,0.0465988
0.8965,0.0465787,0.0465787
0.89655,0.0465586,0.0465586
0.8966,0.0465385,0.0465385
0.89665,0.0465184,0.0465184
0.8967,0.0464983,0.0464983
0.89675,0.0464782,0.0464782
0.8968,0.0464581,0.0464581
0.89685,0.046438,0.046438
0.8969,0.0464178,0.0464178
0.89695,0.0463977,0.0463977
0.897,0.0463776,0.0463776
0.89705,0.0463575,0.0463575
0.8971,0.0463374,0.0463374
0.89715,0.0463173,0.0463173
0.8972,0.0462971,0.0462971
0.89725,0.046277,0.046277
0.8973,0.0462569,0.0462569
0.89735,0.0462368,0.0462368
0.8974,0.0462166,0.0462166
0.89745,0.0461965,0.0461965
0.8975,0.0461764,0.0461764
0.89755,0.0461562,0.0461562
0.8976,0.0461361,0.0461361
0.89765,0.0461159,0.0461159
0.8977,0.0460958,0.0460958
0.89775,0.0460756,0.0460756
0.8978,0.0460555,0.0460555
0.89785,0.0460353,0.0460353
0.8979,0.0460152,0.0460152
0.89795,0.045995,0.045995
0.898,0.0459749,0.0459749
0.89805,0.0459547,0.0459547
0.8981,0.0459345,0.0459345
0.89815,0.0459144,0.0459144
0.8982,0.0458942,0.0458942
0.89825,0.045874,0.045874
0.8983,0.0458539,0.0458539
0.89835,0.0458337,0.0458337
0.8984,0.0458135,0.0458135
0.89845,0.0457933,0.0457933
0.8985,0.0457732,0.0457732
0.89855,0.045753,0.045753
0.8986,0.0457328,0.0457328
0.89865,0.0457126,0.0457126
0.8987,0.0456924,0.0456924
0.89875,0.0456722,0.0456722
0.8988,0.045652,0.045652
0.89885,0.0456318,0.0456318
0.8989,0.0456116,0.0456116
0.89895,0.0455914,0.0455914
0.899,0.0455712,0.0455712
0.89905,0.045551,0.045551
0.8991,0.0455308,0.0455308
0.89915,0.0455106,0.0455106
0.8992,0.0454904,0.0454904
0.89925,0.0454702,0.0454702
0.8993,0.0454499,0.0454499
0.89935,0.0454297,0.0454297
0.8994,0.0454095,0.0454095
0.89945,0.0453893,0.0453893
0.8995,0.0453691,0.0453691
0.89955,0.0453488,0.0453488
0.8996,0.0453286,0.0453286
0.89965,0.0453084,0.0453084
0.8997,0.0452881,0.0452881
0.89975,0.0452679,0.0452679
0.8998,0.0452476,0.0452476
0.89985,0.0452274,0.0452274
0.8999,0.0452072,0.0452072
0.89995,0.0451869,0.0451869
0.9,0.0451667,0.0451667
0.90005,0.0451464,0.0451464
0.9001,0.0451262,0.0451262
0.90015,0.0451059,0.0451059
0.9002,0.0450856,0.0450856
0.90025,0.0450654,0.0450654
0.9003,0.0450451,0.0450451
0.90035,0.0450249,0.0450249
0.9004,0.0450046,0.0450046
0.90045,0.0449843,0.0449843
0.9005,0.0449641,0.0449641
0.90055,0.0449438,0.0449438
0.9006,0.0449235,0.0449235
0.90065,0.0449032,0.0449032
0.9007,0.0448829,0.0448829
0.90075,0.0448627,0.0448627
0.9008,0.0448424,0.0448424
0.90085,0.0448221,0.0448221
0.9009,0.0448018,0.0448018
0.90095,0.0447815,0.0447815
0.901,0.0447612,0.0447612
0.90105,0.0447409,0.0447409
0.9011,0.0447206,0.0447206
0.90115,0.0447003,0.0447003
0.9012,0.04468,0.04468
0.90125,0.0446597,0.0446597
0.9013,0.0446394,0.0446394
0.90135,0.0446191,0.0446191
0.9014,0.0445988,0.0445988
0.90145,0.0445785,0.0445785
0.9015,0.0445582,0.0445582
0.90155,0.0445378,0.0445378
0.9016,0.0445175,0.0445175
0.90165,0.0444972,0.0444972
0.9017,0.0444769,0.0444769
0.90175,0.0444565,0.0444565
0.9018,0.0444362,0.0444362
0.90185,0.0444159,0.0444159
0.9019,0.0443955,0.0443955
0.90195,0.0443752,0.0443752
0.902,0.0443549,0.0443549
0.90205,0.0443345,0.0443345
0.9021,0.0443142,0.0443142
0.90215,0.0442938,0.0442938
0.9022,0.0442735,0.0442735
0.90225,0.0442531,0.0442531
0.9023,0.0442328,0.0442328
0.90235,0.0442124,0.0442124
0.9024,0.0441921,0.0441921
0.90245,0.0441717,0.0441717
0.9025,0.0441514,0.0441514
0.90255,0.044131,0.044131
0.9026,0.0441106,0.0441106
0.90265,0.0440903,0.0440903
0.9027,0.0440699,0.0440699
0.90275,0.0440495,0.0440495
0.9028,0.0440291,0.0440291
0.90285,0.0440088,0.0440088
0.9029,0.0439884,0.0439884
0.90295,0.043968,0.043968
0.903,0.0439476,0.0439476
0.90305,0.0439272,0.0439272
0.9031,0.0439068,0.0439068
0.90315,0.0438864,0.0438864
0.9032,0.0438661,0.0438661
0.90325,0.0438457,0.0438457
0.9033,0.0438253,0.0438253
0.90335,0.0438049,0.0438049
0.9034,0.0437845,0.0437845
0.90345,0.0437641,0.0437641
0.9035,0.0437436,0.0437436
0.90355,0.0437232,0.0437232
0.9036,0.0437028,0.0437028
0.90365,0.0436824,0.0436824
0.9037,0.043662,0.043662
0.90375,0.0436416,0.0436416
0.9038,0.0436212,0.0436212
0.90385,0.0436007,0.0436007
0.9039,0.0435803,0.0435803
0.90395,0.0435599,0.0435599
0.904,0.0435395,0.0435395
0.90405,0.043519,0.043519
0.9041,0.0434986,0.0434986
0.90415,0.0434782,0.0434782
0.9042,0.0434577,0.0434577
0.90425,0.0434373,0.0434373
0.9043,0.0434168,0.0434168
0.90435,0.0433964,0.0433964
0.9044,0.0433759,0.0433759
0.90445,0.0433555,0.0433555
0.9045,0.043335,0.043335
0.90455,0.0433146,0.0433146
0.9046,0.0432941,0.0432941
0.90465,0.0432737,0.0432737
0.9047,0.0432532,0.0432532
0.90475,0.0432327,0.0432327
0.9048,0.0432123,0.0432123
0.90485,0.0431918,0.0431918
0.9049,0.0431713,0.0431713
0.90495,0.0431509,0.0431509
0.905,0.0431304,0.0431304
0.90505,0.0431099,0.0431099
0.9051,0.0430894,0.0430894
0.90515,0.043069,0.043069
0.9052,0.0430485,0.0430485
0.90525,0.043028,0.043028
0.9053,0.0430075,0.0430075
0.90535,0.042987,0.042987
0.9054,0.0429665,0.0429665
0.90545,0.042946,0.042946
0.9055,0.0429255,0.0429255
0.90555,0.042905,0.042905
0.9056,0.0428845,0.0428845
0.90565,0.042864,0.042864
0.9057,0.0428435,0.0428435
0.90575,0.042823,0.042823
0.9058,0.0428025,0.0428025
0.90585,0.042782,0.042782
0.9059,0.0427615,0.0427615
0.90595,0.0427409,0.042741
0.906,0.0427204,0.0427204
0.90605,0.0426999,0.0426999
0.9061,0.0426794,0.0426794
0.90615,0.0426589,0.0426589
0.9062,0.0426383,0.0426383
0.90625,0.0426178,0.0426178
0.9063,0.0425973,0.0425973
0.90635,0.0425767,0.0425767
0.9064,0.0425562,0.0425562
0.90645,0.0425356,0.0425357
0.9065,0.0425151,0.0425151
0.90655,0.0424946,0.0424946
0.9066,0.042474,0.042474
0.90665,0.0424535,0.0424535
0.9067,0.0424329,0.0424329
0.90675,0.0424124,0.0424124
0.9068,0.0423918,0.0423918
0.90685,0.0423712,0.0423712
0.9069,0.0423507,0.0423507
0.90695,0.0423301,0.0423301
0.907,0.0423096,0.0423096
0.90705,0.042289,0.042289
0.9071,0.0422684,0.0422684
0.90715,0.0422478,0.0422479
0.9072,0.0422273,0.0422273
0.90725,0.0422067,0.0422067
0.9073,0.0421861,0.0421861
0.90735,0.0421655,0.0421655
0.9074,0.042145,0.042145
0.90745,0.0421244,0.0421244
0.9075,0.0421038,0.0421038
0.90755,0.0420832,0.0420832
0.9076,0.0420626,0.0420626
0.90765,0.042042,0.042042
0.9077,0.0420214,0.0420214
0.90775,0.0420008,0.0420008
0.9078,0.0419802,0.0419802
0.90785,0.0419596,0.0419596
0.9079,0.041939,0.041939
0.90795,0.0419184,0.0419184
0.908,0.0418978,0.0418978
0.90805,0.0418772,0.0418772
0.9081,0.0418566,0.0418566
0.90815,0.0418359,0.0418359
0.9082,0.0418153,0.0418153
0.90825,0.0417947,0.0417947
0.9083,0.0417741,0.0417741
0.90835,0.0417534,0.0417534
0.9084,0.0417328,0.0417328
0.90845,0.0417122,0.0417122
0.9085,0.0416916,0.0416916
0.90855,0.0416709,0.0416709
0.9086,0.0416503,0.0416503
0.90865,0.0416296,0.0416296
0.9087,0.041609,0.041609
0.90875,0.0415884,0.0415884
0.9088,0.0415677,0.0415677
0.90885,0.0415471,0.0415471
0.9089,0.0415264,0.0415264
0.90895,0.0415057,0.0415058
0.909,0.0414851,0.0414851
0.90905,0.0414644,0.0414644
0.9091,0.0414438,0.0414438
0.90915,0.0414231,0.0414231
0.9092,0.0414024,0.0414024
0.90925,0.0413818,0.0413818
0.9093,0.0413611,0.0413611
0.90935,0.0413404,0.0413404
0.9094,0.0413198,0.0413198
0.90945,0.0412991,0.0412991
0.9095,0.0412784,0.0412784
0.90955,0.0412577,0.0412577
0.9096,0.041237,0.041237
0.90965,0.0412164,0.0412164
0.9097,0.0411957,0.0411957
0.90975,0.041175,0.041175
0.9098,0.0411543,0.0411543
0.90985,0.0411336,0.0411336
0.9099,0.0411129,0.0411129
0.90995,0.0410922,0.0410922
0.91,0.0410715,0.0410715
0.91005,0.0410508,0.0410508
0.9101,0.0410301,0.0410301
0.91015,0.0410094,0.0410094
0.9102,0.0409887,0.0409887
0.91025,0.040968,0.040968
0.9103,0.0409472,0.0409472
0.91035,0.0409265,0.0409265
0.9104,0.0409058,0.0409058
0.91045,0.0408851,0.0408851
0.9105,0.0408644,0.0408644
0.91055,0.0408436,0.0408436
0.9106,0.0408229,0.0408229
0.91065,0.0408022,0.0408022
0.9107,0.0407814,0.0407814
0.91075,0.0407607,0.0407607
0.9108,0.04074,0.04074
0.91085,0.0407192,0.0407192
0.9109,0.0406985,0.0406985
0.91095,0.0406777,0.0406777
0.911,0.040657,0.040657
0.91105,0.0406362,0.0406362
0.9111,0.0406155,0.0406155
0.91115,0.0405947,0.0405947
0.9112,0.040574,0.040574
0.91125,0.0405532,0.0405532
0.9113,0.0405325,0.0405325
0.91135,0.0405117,0.0405117
0.9114,0.0404909,0.0404909
0.91145,0.0404702,0.0404702
0.9115,0.0404494,0.0404494
0.91155,0.0404286,0.0404286
0.9116,0.0404079,0.0404079
0.91165,0.0403871,0.0403871
0.9117,0.0403663,0.0403663
0.91175,0.0403455,0.0403455
0.9118,0.0403247,0.0403247
0.91185,0.0403039,0.0403039
0.9119,0.0402832,0.0402832
0.91195,0.0402624,0.0402624
0.912,0.0402416,0.0402416
0.91205,0.0402208,0.0402208
0.9121,0.0402,0.0402
0.91215,0.0401792,0.0401792
0.9122,0.0401584,0.0401584
0.91225,0.0401376,0.0401376
0.9123,0.0401168,0.0401168
0.91235,0.040096,0.040096
0.9124,0.0400752,0.0400752
0.91245,0.0400543,0.0400543
0.9125,0.0400335,0.0400335
0.91255,0.0400127,0.0400127
0.9126,0.0399919,0.0399919
0.91265,0.0399711,0.0399711
0.9127,0.0399502,0.0399502
0.91275,0.0399294,0.0399294
0.9128,0.0399086,0.0399086
0.91285,0.0398878,0.0398878
0.9129,0.0398669,0.0398669
0.91295,0.0398461,0.0398461
0.913,0.0398253,0.0398253
0.91305,0.0398044,0.0398044
0.9131,0.0397836,0.0397836
0.91315,0.0397627,0.0397627
0.9132,0.0397419,0.0397419
0.91325,0.039721,0.039721
0.9133,0.0397002,0.0397002
0.91335,0.0396793,0.0396793
0.9134,0.0396585,0.0396585
0.91345,0.0396376,0.0396376
0.9135,0.0396167,0.0396167
0.91355,0.0395959,0.0395959
0.9136,0.039575,0.039575
0.91365,0.0395541,0.0395541
0.9137,0.0395333,0.0395333
0.91375,0.0395124,0.0395124
0.9138,0.0394915,0.0394915
0.91385,0.0394707,0.0394707
0.9139,0.0394498,0.0394498
0.91395,0.0394289,0.0394289
0.914,0.039408,0.039408
0.91405,0.0393871,0.0393871
0.9141,0.0393662,0.0393662
0.91415,0.0393453,0.0393453
0.9142,0.0393245,0.0393245
0.91425,0.0393036,0.0393036
0.9143,0.0392827,0.0392827
0.91435,0.0392618,0.0392618
0.9144,0.0392409,0.0392409
0.91445,0.03922,0.03922
0.9145,0.039199,0.039199
0.91455,0.0391781,0.0391781
0.9146,0.0391572,0.0391572
0.91465,0.0391363,0.0391363
0.9147,0.0391154,0.0391154
0.91475,0.0390945,0.0390945
0.9148,0.0390736,0.0390736
0.91485,0.0390526,0.0390526
0.9149,0.0390317,0.0390317
0.91495,0.0390108,0.0390108
0.915,0.0389899,0.0389899
0.91505,0.0389689,0.0389689
0.9151,0.038948,0.038948
0.91515,0.0389271,0.0389271
0.9152,0.0389061,0.0389061
0.91525,0.0388852,0.0388852
0.9153,0.0388642,0.0388642
0.91535,0.0388433,0.0388433
0.9154,0.0388223,0.0388223
0.91545,0.0388014,0.0388014
0.9155,0.0387804,0.0387804
0.91555,0.0387595,0.0387595
0.9156,0.0387385,0.0387385
0.91565,0.0387176,0.0387176
0.9157,0.0386966,0.0386966
0.91575,0.0386756,0.0386756
0.9158,0.0386547,0.0386547
0.91585,0.0386337,0.0386337
0.9159,0.0386127,0.0386127
0.91595,0.0385918,0.0385918
0.916,0.0385708,0.0385708
0.91605,0.0385498,0.0385498
0.9161,0.0385288,0.0385288
0.91615,0.0385078,0.0385078
0.9162,0.0384869,0.0384869
0.91625,0.0384659,0.0384659
0.9163,0.0384449,0.0384449
0.91635,0.0384239,0.0384239
0.9164,0.0384029,0.0384029
0.91645,0.0383819,0.0383819
0.9165,0.0383609,0.0383609
0.91655,0.0383399,0.0383399
0.9166,0.0383189,0.0383189
0.91665,0.0382979,0.0382979
0.9167,0.0382769,0.0382769
0.91675,0.0382559,0.0382559
0.9168,0.0382349,0.0382349
0.91685,0.0382139,0.0382139
0.9169,0.0381928,0.0381928
0.91695,0.0381718,0.0381718
0.917,0.0381508,0.0381508
0.91705,0.0381298,0.0381298
0.9171,0.0381087,0.0381087
0.91715,0.0380877,0.0380877
0.9172,0.0380667,0.0380667
0.91725,0.0380457,0.0380457
0.9173,0.0380246,0.0380246
0.91735,0.0380036,0.0380036
0.9174,0.0379825,0.0379825
0.91745,0.0379615,0.0379615
0.9175,0.0379405,0.0379405
0.91755,0.0379194,0.0379194
0.9176,0.0378984,0.0378984
0.91765,0.0378773,0.0378773
0.9177,0.0378563,0.0378563
0.91775,0.0378352,0.0378352
0.9178,0.0378141,0.0378141
0.91785,0.0377931,0.0377931
0.9179,0.037772,0.037772
0.91795,0.037751,0.037751
0.918,0.0377299,0.0377299
0.91805,0.0377088,0.0377088
0.9181,0.0376878,0.0376878
0.91815,0.0376667,0.0376667
0.9182,0.0376456,0.0376456
0.91825,0.0376245,0.0376245
0.9183,0.0376034,0.0376034
0.91835,0.0375824,0.0375824
0.9184,0.0375613,0.0375613
0.91845,0.0375402,0.0375402
0.9185,0.0375191,0.0375191
0.91855,0.037498,0.037498
0.9186,0.0374769,0.0374769
0.91865,0.0374558,0.0374558
0.9187,0.0374347,0.0374347
0.91875,0.0374136,0.0374136
0.9188,0.0373925,0.0373925
0.91885,0.0373714,0.0373714
0.9189,0.0373503,0.0373503
0.91895,0.0373292,0.0373292
0.919,0.0373081,0.0373081
0.91905,0.037287,0.037287
0.9191,0.0372658,0.0372658
0.91915,0.0372447,0.0372447
0.9192,0.0372236,0.0372236
0.91925,0.0372025,0.0372025
0.9193,0.0371813,0.0371813
0.91935,0.0371602,0.0371602
0.9194,0.0371391,0.0371391
0.91945,0.037118,0.037118
0.9195,0.0370968,0.0370968
0.91955,0.0370757,0.0370757
0.9196,0.0370545,0.0370545
0.91965,0.0370334,0.0370334
0.9197,0.0370123,0.0370123
0.91975,0.0369911,0.0369911
0.9198,0.03697,0.03697
0.91985,0.0369488,0.0369488
0.9199,0.0369276,0.0369276
0.91995,0.0369065,0.0369065
0.92,0.0368853,0.0368853
0.92005,0.0368642,0.0368642
0.9201,0.036843,0.036843
0.92015,0.0368218,0.0368218
0.9202,0.0368007,0.0368007
0.92025,0.0367795,0.0367795
0.9203,0.0367583,0.0367583
0.92035,0.0367372,0.0367372
0.9204,0.036716,0.036716
0.92045,0.0366948,0.0366948
0.9205,0.0366736,0.0366736
0.92055,0.0366524,0.0366524
0.9206,0.0366312,0.0366312
0.92065,0.0366101,0.0366101
0.9207,0.0365889,0.0365889
0.92075,0.0365677,0.0365677
0.9208,0.0365465,0.0365465
0.92085,0.0365253,0.0365253
0.9209,0.0365041,0.0365041
0.92095,0.0364829,0.0364829
0.921,0.0364617,0.0364617
0.92105,0.0364405,0.0364405
0.9211,0.0364193,0.0364193
0.92115,0.036398,0.036398
0.9212,0.0363768,0.0363768
0.92125,0.0363556,0.0363556
0.9213,0.0363344,0.0363344
0.92135,0.0363132,0.0363132
0.9214,0.036292,0.036292
0.92145,0.0362707,0.0362707
0.9215,0.0362495,0.0362495
0.92155,0.0362283,0.0362283
0.9216,0.036207,0.036207
0.92165,0.0361858,0.0361858
0.9217,0.0361646,0.0361646
0.92175,0.0361433,0.0361433
0.9218,0.0361221,0.0361221
0.92185,0.0361008,0.0361008
0.9219,0.0360796,0.0360796
0.92195,0.0360583,0.0360583
0.922,0.0360371,0.0360371
0.92205,0.0360158,0.0360158
0.9221,0.0359946,0.0359946
0.92215,0.0359733,0.0359733
0.9222,0.0359521,0.0359521
0.92225,0.0359308,0.0359308
0.9223,0.0359095,0.0359095
0.92235,0.0358883,0.0358883
0.9224,0.035867,0.035867
0.92245,0.0358457,0.0358457
0.9225,0.0358245,0.0358245
0.92255,0.0358032,0.0358032
0.9226,0.0357819,0.0357819
0.92265,0.0357606,0.0357606
0.9227,0.0357393,0.0357393
0.92275,0.035718,0.0357181
0.9228,0.0356968,0.0356968
0.92285,0.0356755,0.0356755
0.9229,0.0356542,0.0356542
0.92295,0.0356329,0.0356329
0.923,0.0356116,0.0356116
0.92305,0.0355903,0.0355903
0.9231,0.035569,0.035569
0.92315,0.0355477,0.0355477
0.9232,0.0355264,0.0355264
0.92325,0.0355051,0.0355051
0.9233,0.0354838,0.0354838
0.92335,0.0354624,0.0354624
0.9234,0.0354411,0.0354411
0.92345,0.0354198,0.0354198
0.9235,0.0353985,0.0353985
0.92355,0.0353772,0.0353772
0.9236,0.0353558,0.0353558
0.92365,0.0353345,0.0353345
0.9237,0.0353132,0.0353132
0.92375,0.0352919,0.0352919
0.9238,0.0352705,0.0352705
0.92385,0.0352492,0.0352492
0.9239,0.0352278,0.0352278
0.92395,0.0352065,0.0352065
0.924,0.0351852,0.0351852
0.92405,0.0351638,0.0351638
0.9241,0.0351425,0.0351425
0.92415,0.0351211,0.0351211
0.9242,0.0350998,0.0350998
0.92425,0.0350784,0.0350784
0.9243,0.0350571,0.0350571
0.92435,0.0350357,0.0350357
0.9244,0.0350143,0.0350143
0.92445,0.034993,0.034993
0.9245,0.0349716,0.0349716
0.92455,0.0349502,0.0349502
0.9246,0.0349289,0.0349289
0.92465,0.0349075,0.0349075
0.9247,0.0348861,0.0348861
0.92475,0.0348647,0.0348647
0.9248,0.0348434,0.0348434
0.92485,0.034822,0.034822
0.9249,0.0348006,0.0348006
0.92495,0.0347792,0.0347792
0.925,0.0347578,0.0347578
0.92505,0.0347364,0.0347364
0.9251,0.034715,0.034715
0.92515,0.0346936,0.0346936
0.9252,0.0346722,0.0346722
0.92525,0.0346508,0.0346508
0.9253,0.0346294,0.0346294
0.92535,0.034608,0.034608
0.9254,0.0345866,0.0345866
0.92545,0.0345652,0.0345652
0.9255,0.0345438,0.0345438
0.92555,0.0345224,0.0345224
0.9256,0.034501,0.034501
0.92565,0.0344795,0.0344795
0.9257,0.0344581,0.0344581
0.92575,0.0344367,0.0344367
0.9258,0.0344153,0.0344153
0.92585,0.0343938,0.0343938
0.9259,0.0343724,0.0343724
0.92595,0.034351,0.034351
0.926,0.0343295,0.0343295
0.92605,0.0343081,0.0343081
0.9261,0.0342867,0.0342867
0.92615,0.0342652,0.0342652
0.9262,0.0342438,0.0342438
0.92625,0.0342223,0.0342223
0.9263,0.0342009,0.0342009
0.92635,0.0341794,0.0341794
0.9264,0.034158,0.034158
0.92645,0.0341365,0.0341365
0.9265,0.0341151,0.0341151
0.92655,0.0340936,0.0340936
0.9266,0.0340721,0.0340721
0.92665,0.0340507,0.0340507
0.9267,0.0340292,0.0340292
0.92675,0.0340077,0.0340077
0.9268,0.0339863,0.0339863
0.92685,0.0339648,0.0339648
0.9269,0.0339433,0.0339433
0.92695,0.0339218,0.0339218
0.927,0.0339003,0.0339003
0.92705,0.0338789,0.0338789
0.9271,0.0338574,0.0338574
0.92715,0.0338359,0.0338359
0.9272,0.0338144,0.0338144
0.92725,0.0337929,0.0337929
0.9273,0.0337714,0.0337714
0.92735,0.0337499,0.0337499
0.9274,0.0337284,0.0337284
0.92745,0.0337069,0.0337069
0.9275,0.0336854,0.0336854
0.92755,0.0336639,0.0336639
0.9276,0.0336424,0.0336424
0.92765,0.0336209,0.0336209
0.9277,0.0335993,0.0335993
0.92775,0.0335778,0.0335778
0.9278,0.0335563,0.0335563
0.92785,0.0335348,0.0335348
0.9279,0.0335133,0.0335133
0.92795,0.0334917,0.0334917
0.928,0.0334702,0.0334702
0.92805,0.0334487,0.0334487
0.9281,0.0334271,0.0334271
0.92815,0.0334056,0.0334056
0.9282,0.0333841,0.0333841
0.92825,0.0333625,0.0333625
0.9283,0.033341,0.033341
0.92835,0.0333194,0.0333194
0.9284,0.0332979,0.0332979
0.92845,0.0332763,0.0332763
0.9285,0.0332548,0.0332548
0.92855,0.0332332,0.0332332
0.9286,0.0332117,0.0332117
0.92865,0.0331901,0.0331901
0.9287,0.0331686,0.0331686
0.92875,0.033147,0.033147
0.9288,0.0331254,0.0331254
0.92885,0.0331039,0.0331039
0.9289,0.0330823,0.0330823
0.92895,0.0330607,0.0330607
0.929,0.0330392,0.0330392
0.92905,0.0330176,0.0330176
0.9291,0.032996,0.032996
0.92915,0.0329744,0.0329744
0.9292,0.0329528,0.0329528
0.92925,0.0329312,0.0329312
0.9293,0.0329097,0.0329097
0.92935,0.0328881,0.0328881
0.9294,0.0328665,0.0328665
0.92945,0.0328449,0.0328449
0.9295,0.0328233,0.0328233
0.92955,0.0328017,0.0328017
0.9296,0.0327801,0.0327801
0.92965,0.0327585,0.0327585
0.9297,0.0327369,0.0327369
0.92975,0.0327152,0.0327153
0.9298,0.0326936,0.0326936
0.92985,0.032672,0.032672
0.9299,0.0326504,0.0326504
0.92995,0.0326288,0.0326288
0.93,0.0326072,0.0326072
0.93005,0.0325855,0.0325855
0.9301,0.0325639,0.0325639
0.93015,0.0325423,0.0325423
0.9302,0.0325207,0.0325207
0.93025,0.032499,0.032499
0.9303,0.0324774,0.0324774
0.93035,0.0324558,0.0324558
0.9304,0.0324341,0.0324341
0.93045,0.0324125,0.0324125
0.9305,0.0323908,0.0323908
0.93055,0.0323692,0.0323692
0.9306,0.0323475,0.0323475
0.93065,0.0323259,0.0323259
0.9307,0.0323042,0.0323042
0.93075,0.0322826,0.0322826
0.9308,0.0322609,0.0322609
0.93085,0.0322392,0.0322392
0.9309,0.0322176,0.0322176
0.93095,0.0321959,0.0321959
0.931,0.0321743,0.0321743
0.93105,0.0321526,0.0321526
0.9311,0.0321309,0.0321309
0.93115,0.0321092,0.0321092
0.9312,0.0320876,0.0320876
0.93125,0.0320659,0.0320659
0.9313,0.0320442,0.0320442
0.93135,0.0320225,0.0320225
0.9314,0.0320008,0.0320008
0.93145,0.0319791,0.0319791
0.9315,0.0319574,0.0319574
0.93155,0.0319358,0.0319358
0.9316,0.0319141,0.0319141
0.93165,0.0318924,0.0318924
0.9317,0.0318707,0.0318707
0.93175,0.031849,0.031849
0.9318,0.0318272,0.0318272
0.93185,0.0318055,0.0318055
0.9319,0.0317838,0.0317838
0.93195,0.0317621,0.0317621
0.932,0.0317404,0.0317404
0.93205,0.0317187,0.0317187
0.9321,0.031697,0.031697
0.93215,0.0316752,0.0316752
0.9322,0.0316535,0.0316535
0.93225,0.0316318,0.0316318
0.9323,0.0316101,0.0316101
0.93235,0.0315883,0.0315883
0.9324,0.0315666,0.0315666
0.93245,0.0315449,0.0315449
0.9325,0.0315231,0.0315231
0.93255,0.0315014,0.0315014
0.9326,0.0314797,0.0314797
0.93265,0.0314579,0.0314579
0.9327,0.0314362,0.0314362
0.93275,0.0314144,0.0314144
0.9328,0.0313927,0.0313927
0.93285,0.0313709,0.0313709
0.9329,0.0313491,0.0313491
0.93295,0.0313274,0.0313274
0.933,0.0313056,0.0313056
0.93305,0.0312839,0.0312839
0.9331,0.0312621,0.0312621
0.93315,0.0312403,0.0312403
0.9332,0.0312186,0.0312186
0.93325,0.0311968,0.0311968
0.9333,0.031175,0.031175
0.93335,0.0311532,0.0311532
0.9334,0.0311315,0.0311315
0.93345,0.0311097,0.0311097
0.9335,0.0310879,0.0310879
0.93355,0.0310661,0.0310661
0.9336,0.0310443,0.0310443
0.93365,0.0310225,0.0310225
0.9337,0.0310007,0.0310007
0.93375,0.0309789,0.0309789
0.9338,0.0309571,0.0309571
0.93385,0.0309353,0.0309353
0.9339,0.0309135,0.0309135
0.93395,0.0308917,0.0308917
0.934,0.0308699,0.0308699
0.93405,0.0308481,0.0308481
0.9341,0.0308263,0.0308263
0.93415,0.0308045,0.0308045
0.9342,0.0307827,0.0307827
0.93425,0.0307608,0.0307608
0.9343,0.030739,0.030739
0.93435,0.0307172,0.0307172
0.9344,0.0306954,0.0306954
0.93445,0.0306735,0.0306735
0.9345,0.0306517,0.0306517
0.93455,0.0306299,0.0306299
0.9346,0.030608,0.030608
0.93465,0.0305862,0.0305862
0.9347,0.0305644,0.0305644
0.93475,0.0305425,0.0305425
0.9348,0.0305207,0.0305207
0.93485,0.0304988,0.0304988
0.9349,0.030477,0.030477
0.93495,0.0304551,0.0304551
0.935,0.0304333,0.0304333
0.93505,0.0304114,0.0304114
0.9351,0.0303896,0.0303896
0.93515,0.0303677,0.0303677
0.9352,0.0303458,0.0303458
0.93525,0.030324,0.030324
0.9353,0.0303021,0.0303021
0.93535,0.0302802,0.0302802
0.9354,0.0302584,0.0302584
0.93545,0.0302365,0.0302365
0.9355,0.0302146,0.0302146
0.93555,0.0301927,0.0301927
0.9356,0.0301708,0.0301708
0.93565,0.0301489,0.030149
0.9357,0.0301271,0.0301271
0.93575,0.0301052,0.0301052
0.9358,0.0300833,0.0300833
0.93585,0.0300614,0.0300614
0.9359,0.0300395,0.0300395
0.93595,0.0300176,0.0300176
0.936,0.0299957,0.0299957
0.93605,0.0299738,0.0299738
0.9361,0.0299519,0.0299519
0.93615,0.02993,0.02993
0.9362,0.0299081,0.0299081
0.93625,0.0298861,0.0298861
0.9363,0.0298642,0.0298642
0.93635,0.0298423,0.0298423
0.9364,0.0298204,0.0298204
0.93645,0.0297985,0.0297985
0.9365,0.0297765,0.0297765
0.93655,0.0297546,0.0297546
0.9366,0.0297327,0.0297327
0.93665,0.0297108,0.0297108
0.9367,0.0296888,0.0296888
0.93675,0.0296669,0.0296669
0.9368,0.029645,0.029645
0.93685,0.029623,0.029623
0.9369,0.0296011,0.0296011
0.93695,0.0295791,0.0295791
0.937,0.0295572,0.0295572
0.93705,0.0295352,0.0295352
0.9371,0.0295133,0.0295133
0.93715,0.0294913,0.0294913
0.9372,0.0294694,0.0294694
0.93725,0.0294474,0.0294474
0.9373,0.0294254,0.0294254
0.93735,0.0294035,0.0294035
0.9374,0.0293815,0.0293815
0.93745,0.0293595,0.0293595
0.9375,0.0293376,0.0293376
0.93755,0.0293156,0.0293156
0.9376,0.0292936,0.0292936
0.93765,0.0292716,0.0292716
0.9377,0.0292497,0.0292497
0.93775,0.0292277,0.0292277
0.9378,0.0292057,0.0292057
0.93785,0.0291837,0.0291837
0.9379,0.0291617,0.0291617
0.93795,0.0291397,0.0291397
0.938,0.0291177,0.0291177
0.93805,0.0290957,0.0290957
0.9381,0.0290737,0.0290737
0.93815,0.0290517,0.0290517
0.9382,0.0290297,0.0290297
0.93825,0.0290077,0.0290077
0.9383,0.0289857,0.0289857
0.93835,0.0289637,0.0289637
0.9384,0.0289417,0.0289417
0.93845,0.0289197,0.0289197
0.9385,0.0288976,0.0288976
0.93855,0.0288756,0.0288756
0.9386,0.0288536,0.0288536
0.93865,0.0288316,0.0288316
0.9387,0.0288095,0.0288095
0.93875,0.0287875,0.0287875
0.9388,0.0287655,0.0287655
0.93885,0.0287434,0.0287434
0.9389,0.0287214,0.0287214
0.93895,0.0286994,0.0286994
0.939,0.0286773,0.0286773
0.93905,0.0286553,0.0286553
0.9391,0.0286332,0.0286332
0.93915,0.0286112,0.0286112
0.9392,0.0285891,0.0285891
0.93925,0.0285671,0.0285671
0.9393,0.028545,0.028545
0.93935,0.028523,0.028523
0.9394,0.0285009,0.0285009
0.93945,0.0284788,0.0284788
0.9395,0.0284568,0.0284568
0.93955,0.0284347,0.0284347
0.9396,0.0284126,0.0284126
0.93965,0.0283906,0.0283906
0.9397,0.0283685,0.0283685
0.93975,0.0283464,0.0283464
0.9398,0.0283243,0.0283243
0.93985,0.0283023,0.0283023
0.9399,0.0282802,0.0282802
0.93995,0.0282581,0.0282581
0.94,0.028236,0.028236
0.94005,0.0282139,0.0282139
0.9401,0.0281918,0.0281918
0.94015,0.0281697,0.0281697
0.9402,0.0281476,0.0281476
0.94025,0.0281255,0.0281255
0.9403,0.0281034,0.0281034
0.94035,0.0280813,0.0280813
0.9404,0.0280592,0.0280592
0.94045,0.0280371,0.0280371
0.9405,0.028015,0.028015
0.94055,0.0279929,0.0279929
0.9406,0.0279708,0.0279708
0.94065,0.0279486,0.0279486
0.9407,0.0279265,0.0279265
0.94075,0.0279044,0.0279044
0.9408,0.0278823,0.0278823
0.94085,0.0278601,0.0278601
0.9409,0.027838,0.027838
0.94095,0.0278159,0.0278159
0.941,0.0277937,0.0277937
0.94105,0.0277716,0.0277716
0.9411,0.0277495,0.0277495
0.94115,0.0277273,0.0277273
0.9412,0.0277052,0.0277052
0.94125,0.027683,0.027683
0.9413,0.0276609,0.0276609
0.94135,0.0276387,0.0276387
0.9414,0.0276166,0.0276166
0.94145,0.0275944,0.0275944
0.9415,0.0275722,0.0275722
0.94155,0.0275501,0.0275501
0.9416,0.0275279,0.0275279
0.94165,0.0275057,0.0275057
0.9417,0.0274836,0.0274836
0.94175,0.0274614,0.0274614
0.9418,0.0274392,0.0274392
0.94185,0.0274171,0.0274171
0.9419,0.0273949,0.0273949
0.94195,0.0273727,0.0273727
0.942,0.0273505,0.0273505
0.94205,0.0273283,0.0273283
0.9421,0.0273061,0.0273061
0.94215,0.027284,0.027284
0.9422,0.0272618,0.0272618
0.94225,0.0272396,0.0272396
0.9423,0.0272174,0.0272174
0.94235,0.0271952,0.0271952
0.9424,0.027173,0.027173
0.94245,0.0271508,0.0271508
0.9425,0.0271286,0.0271286
0.94255,0.0271063,0.0271064
0.9426,0.0270841,0.0270841
0.94265,0.0270619,0.0270619
0.9427,0.0270397,0.0270397
0.94275,0.0270175,0.0270175
0.9428,0.0269953,0.0269953
0.94285,0.026973,0.026973
0.9429,0.0269508,0.0269508
0.94295,0.0269286,0.0269286
0.943,0.0269064,0.0269064
0.94305,0.0268841,0.0268841
0.9431,0.0268619,0.0268619
0.94315,0.0268397,0.0268397
0.9432,0.0268174,0.0268174
0.94325,0.0267952,0.0267952
0.9433,0.0267729,0.0267729
0.94335,0.0267507,0.0267507
0.9434,0.0267284,0.0267284
0.94345,0.0267062,0.0267062
0.9435,0.0266839,0.0266839
0.94355,0.0266617,0.0266617
0.9436,0.0266394,0.0266394
0.94365,0.0266172,0.0266172
0.9437,0.0265949,0.0265949
0.94375,0.0265726,0.0265726
0.9438,0.0265504,0.0265504
0.94385,0.0265281,0.0265281
0.9439,0.0265058,0.0265058
0.94395,0.0264835,0.0264835
0.944,0.0264613,0.0264613
0.94405,0.026439,0.026439
0.9441,0.0264167,0.0264167
0.94415,0.0263944,0.0263944
0.9442,0.0263721,0.0263721
0.94425,0.0263498,0.0263498
0.9443,0.0263276,0.0263276
0.94435,0.0263053,0.0263053
0.9444,0.026283,0.026283
0.94445,0.0262607,0.0262607
0.9445,0.0262384,0.0262384
0.94455,0.0262161,0.0262161
0.9446,0.0261938,0.0261938
0.94465,0.0261714,0.0261715
0.9447,0.0261491,0.0261491
0.94475,0.0261268,0.0261268
0.9448,0.0261045,0.0261045
0.94485,0.0260822,0.0260822
0.9449,0.0260599,0.0260599
0.94495,0.0260376,0.0260376
0.945,0.0260152,0.0260152
0.94505,0.0259929,0.0259929
0.9451,0.0259706,0.0259706
0.94515,0.0259482,0.0259482
0.9452,0.0259259,0.0259259
0.94525,0.0259036,0.0259036
0.9453,0.0258812,0.0258812
0.94535,0.0258589,0.0258589
0.9454,0.0258365,0.0258365
0.94545,0.0258142,0.0258142
0.9455,0.0257919,0.0257919
0.94555,0.0257695,0.0257695
0.9456,0.0257472,0.0257472
0.94565,0.0257248,0.0257248
0.9457,0.0257024,0.0257024
0.94575,0.0256801,0.0256801
0.9458,0.0256577,0.0256577
0.94585,0.0256354,0.0256354
0.9459,0.025613,0.025613
0.94595,0.0255906,0.0255906
0.946,0.0255682,0.0255682
0.94605,0.0255459,0.0255459
0.9461,0.0255235,0.0255235
0.94615,0.0255011,0.0255011
0.9462,0.0254787,0.0254787
0.94625,0.0254563,0.0254563
0.9463,0.025434,0.025434
0.94635,0.0254116,0.0254116
0.9464,0.0253892,0.0253892
0.94645,0.0253668,0.0253668
0.9465,0.0253444,0.0253444
0.94655,0.025322,0.025322
0.9466,0.0252996,0.0252996
0.94665,0.0252772,0.0252772
0.9467,0.0252548,0.0252548
0.94675,0.0252324,0.0252324
0.9468,0.02521,0.02521
0.94685,0.0251876,0.0251876
0.9469,0.0251651,0.0251651
0.94695,0.0251427,0.0251427
0.947,0.0251203,0.0251203
0.94705,0.0250979,0.0250979
0.9471,0.0250755,0.0250755
0.94715,0.025053,0.025053
0.9472,0.0250306,0.0250306
0.94725,0.0250082,0.0250082
0.9473,0.0249857,0.0249857
0.94735,0.0249633,0.0249633
0.9474,0.0249409,0.0249409
0.94745,0.0249184,0.0249184
0.9475,0.024896,0.024896
0.94755,0.0248735,0.0248735
0.9476,0.0248511,0.0248511
0.94765,0.0248286,0.0248286
0.9477,0.0248062,0.0248062
0.94775,0.0247837,0.0247837
0.9478,0.0247613,0.0247613
0.94785,0.0247388,0.0247388
0.9479,0.0247164,0.0247164
0.94795,0.0246939,0.0246939
0.948,0.0246714,0.0246714
0.94805,0.024649,0.024649
0.9481,0.0246265,0.0246265
0.94815,0.024604,0.024604
0.9482,0.0245815,0.0245815
0.94825,0.0245591,0.0245591
0.9483,0.0245366,0.0245366
0.94835,0.0245141,0.0245141
0.9484,0.0244916,0.0244916
0.94845,0.0244691,0.0244691
0.9485,0.0244466,0.0244466
0.94855,0.0244241,0.0244241
0.9486,0.0244017,0.0244017
0.94865,0.0243792,0.0243792
0.9487,0.0243567,0.0243567
0.94875,0.0243342,0.0243342
0.9488,0.0243116,0.0243116
0.94885,0.0242891,0.0242891
0.9489,0.0242666,0.0242666
0.94895,0.0242441,0.0242441
0.949,0.0242216,0.0242216
0.94905,0.0241991,0.0241991
0.9491,0.0241766,0.0241766
0.94915,0.0241541,0.0241541
0.9492,0.0241315,0.0241315
0.94925,0.024109,0.024109
0.9493,0.0240865,0.0240865
0.94935,0.0240639,0.0240639
0.9494,0.0240414,0.0240414
0.94945,0.0240189,0.0240189
0.9495,0.0239963,0.0239963
0.94955,0.0239738,0.0239738
0.9496,0.0239513,0.0239513
0.94965,0.0239287,0.0239287
0.9497,0.0239062,0.0239062
0.94975,0.0238836,0.0238836
0.9498,0.0238611,0.0238611
0.94985,0.0238385,0.0238385
0.9499,0.023816,0.023816
0.94995,0.0237934,0.0237934
0.95,0.0237708,0.0237708
0.95005,0.0237483,0.0237483
0.9501,0.0237257,0.0237257
0.95015,0.0237031,0.0237031
0.9502,0.0236806,0.0236806
0.95025,0.023658,0.023658
0.9503,0.0236354,0.0236354
0.95035,0.0236128,0.0236128
0.9504,0.0235903,0.0235903
0.95045,0.0235677,0.0235677
0.9505,0.0235451,0.0235451
0.95055,0.0235225,0.0235225
0.9506,0.0234999,0.0234999
0.95065,0.0234773,0.0234773
0.9507,0.0234547,0.0234547
0.95075,0.0234321,0.0234321
0.9508,0.0234095,0.0234095
0.95085,0.0233869,0.0233869
0.9509,0.0233643,0.0233643
0.95095,0.0233417,0.0233417
0.951,0.0233191,0.0233191
0.95105,0.0232965,0.0232965
0.9511,0.0232739,0.0232739
0.95115,0.0232513,0.0232513
0.9512,0.0232286,0.0232286
0.95125,0.023206,0.023206
0.9513,0.0231834,0.0231834
0.95135,0.0231608,0.0231608
0.9514,0.0231382,0.0231382
0.95145,0.0231155,0.0231155
0.9515,0.0230929,0.0230929
0.95155,0.0230703,0.0230703
0.9516,0.0230476,0.0230476
0.95165,0.023025,0.023025
0.9517,0.0230023,0.0230023
0.95175,0.0229797,0.0229797
0.9518,0.022957,0.022957
0.95185,0.0229344,0.0229344
0.9519,0.0229117,0.0229117
0.95195,0.0228891,0.0228891
0.952,0.0228664,0.0228664
0.95205,0.0228438,0.0228438
0.9521,0.0228211,0.0228211
0.95215,0.0227984,0.0227984
0.9522,0.0227758,0.0227758
0.95225,0.0227531,0.0227531
0.9523,0.0227304,0.0227304
0.95235,0.0227078,0.0227078
0.9524,0.0226851,0.0226851
0.95245,0.0226624,0.0226624
0.9525,0.0226397,0.0226397
0.95255,0.0226171,0.0226171
0.9526,0.0225944,0.0225944
0.95265,0.0225717,0.0225717
0.9527,0.022549,0.022549
0.95275,0.0225263,0.0225263
0.9528,0.0225036,0.0225036
0.95285,0.0224809,0.0224809
0.9529,0.0224582,0.0224582
0.95295,0.0224355,0.0224355
0.953,0.0224128,0.0224128
0.95305,0.0223901,0.0223901
0.9531,0.0223674,0.0223674
0.95315,0.0223447,0.0223447
0.9532,0.022322,0.022322
0.95325,0.0222992,0.0222992
0.9533,0.0222765,0.0222765
0.95335,0.0222538,0.0222538
0.9534,0.0222311,0.0222311
0.95345,0.0222084,0.0222084
0.9535,0.0221856,0.0221856
0.95355,0.0221629,0.0221629
0.9536,0.0221402,0.0221402
0.95365,0.0221174,0.0221174
0.9537,0.0220947,0.0220947
0.95375,0.022072,0.022072
0.9538,0.0220492,0.0220492
0.95385,0.0220265,0.0220265
0.9539,0.0220037,0.0220037
0.95395,0.021981,0.021981
0.954,0.0219582,0.0219582
0.95405,0.0219355,0.0219355
0.9541,0.0219127,0.0219127
0.95415,0.02189,0.02189
0.9542,0.0218672,0.0218672
0.95425,0.0218444,0.0218444
0.9543,0.0218217,0.0218217
0.95435,0.0217989,0.0217989
0.9544,0.0217761,0.0217761
0.95445,0.0217533,0.0217533
0.9545,0.0217306,0.0217306
0.95455,0.0217078,0.0217078
0.9546,0.021685,0.021685
0.95465,0.0216622,0.0216622
0.9547,0.0216394,0.0216394
0.95475,0.0216167,0.0216167
0.9548,0.0215939,0.0215939
0.95485,0.0215711,0.0215711
0.9549,0.0215483,0.0215483
0.95495,0.0215255,0.0215255
0.955,0.0215027,0.0215027
0.95505,0.0214799,0.0214799
0.9551,0.0214571,0.0214571
0.95515,0.0214343,0.0214343
0.9552,0.0214115,0.0214115
0.95525,0.0213887,0.0213887
0.9553,0.0213658,0.0213658
0.95535,0.021343,0.021343
0.9554,0.0213202,0.0213202
0.95545,0.0212974,0.0212974
0.9555,0.0212746,0.0212746
0.95555,0.0212517,0.0212517
0.9556,0.0212289,0.0212289
0.95565,0.0212061,0.0212061
0.9557,0.0211832,0.0211832
0.95575,0.0211604,0.0211604
0.9558,0.0211376,0.0211376
0.95585,0.0211147,0.0211147
0.9559,0.0210919,0.0210919
0.95595,0.021069,0.021069
0.956,0.0210462,0.0210462
0.95605,0.0210233,0.0210233
0.9561,0.0210005,0.0210005
0.95615,0.0209776,0.0209776
0.9562,0.0209548,0.0209548
0.95625,0.0209319,0.0209319
0.9563,0.0209091,0.0209091
0.95635,0.0208862,0.0208862
0.9564,0.0208633,0.0208633
0.95645,0.0208405,0.0208405
0.9565,0.0208176,0.0208176
0.95655,0.0207947,0.0207947
0.9566,0.0207718,0.0207718
0.95665,0.020749,0.020749
0.9567,0.0207261,0.0207261
0.95675,0.0207032,0.0207032
0.9568,0.0206803,0.0206803
0.95685,0.0206574,0.0206574
0.9569,0.0206345,0.0206345
0.95695,0.0206116,0.0206116
0.957,0.0205888,0.0205888
0.95705,0.0205659,0.0205659
0.9571,0.020543,0.020543
0.95715,0.0205201,0.0205201
0.9572,0.0204971,0.0204971
0.95725,0.0204742,0.0204742
0.9573,0.0204513,0.0204513
0.95735,0.0204284,0.0204284
0.9574,0.0204055,0.0204055
0.95745,0.0203826,0.0203826
0.9575,0.0203597,0.0203597
0.95755,0.0203367,0.0203367
0.9576,0.0203138,0.0203138
0.95765,0.0202909,0.0202909
0.9577,0.020268,0.020268
0.95775,0.020245,0.020245
0.9578,0.0202221,0.0202221
0.95785,0.0201992,0.0201992
0.9579,0.0201762,0.0201762
0.95795,0.0201533,0.0201533
0.958,0.0201303,0.0201303
0.95805,0.0201074,0.0201074
0.9581,0.0200845,0.0200845
0.95815,0.0200615,0.0200615
0.9582,0.0200386,0.0200386
0.95825,0.0200156,0.0200156
0.9583,0.0199926,0.0199926
0.95835,0.0199697,0.0199697
0.9584,0.0199467,0.0199467
0.95845,0.0199238,0.0199238
0.9585,0.0199008,0.0199008
0.95855,0.0198778,0.0198778
0.9586,0.0198548,0.0198548
0.95865,0.0198319,0.0198319
0.9587,0.0198089,0.0198089
0.95875,0.0197859,0.0197859
0.9588,0.0197629,0.0197629
0.95885,0.01974,0.01974
0.9589,0.019717,0.019717
0.95895,0.019694,0.019694
0.959,0.019671,0.019671
0.95905,0.019648,0.019648
0.9591,0.019625,0.019625
0.95915,0.019602,0.019602
0.9592,0.019579,0.019579
0.95925,0.019556,0.019556
0.9593,0.019533,0.019533
0.95935,0.01951,0.01951
0.9594,0.019487,0.019487
0.95945,0.019464,0.019464
0.9595,0.0194409,0.0194409
0.95955,0.0194179,0.0194179
0.9596,0.0193949,0.0193949
0.95965,0.0193719,0.0193719
0.9597,0.0193489,0.0193489
0.95975,0.0193258,0.0193258
0.9598,0.0193028,0.0193028
0.95985,0.0192798,0.0192798
0.9599,0.0192567,0.0192567
0.95995,0.0192337,0.0192337
0.96,0.0192107,0.0192107
0.96005,0.0191876,0.0191876
0.9601,0.0191646,0.0191646
0.96015,0.0191415,0.0191415
0.9602,0.0191185,0.0191185
0.96025,0.0190954,0.0190954
0.9603,0.0190724,0.0190724
0.96035,0.0190493,0.0190493
0.9604,0.0190263,0.0190263
0.96045,0.0190032,0.0190032
0.9605,0.0189801,0.0189801
0.96055,0.0189571,0.0189571
0.9606,0.018934,0.018934
0.96065,0.0189109,0.0189109
0.9607,0.0188879,0.0188879
0.96075,0.0188648,0.0188648
0.9608,0.0188417,0.0188417
0.96085,0.0188186,0.0188186
0.9609,0.0187956,0.0187956
0.96095,0.0187725,0.0187725
0.961,0.0187494,0.0187494
0.96105,0.0187263,0.0187263
0.9611,0.0187032,0.0187032
0.96115,0.0186801,0.0186801
0.9612,0.018657,0.018657
0.96125,0.0186339,0.0186339
0.9613,0.0186108,0.0186108
0.96135,0.0185877,0.0185877
0.9614,0.0185646,0.0185646
0.96145,0.0185415,0.0185415
0.9615,0.0185184,0.0185184
0.96155,0.0184953,0.0184953
0.9616,0.0184722,0.0184722
0.96165,0.018449,0.018449
0.9617,0.0184259,0.0184259
0.96175,0.0184028,0.0184028
0.9618,0.0183797,0.0183797
0.96185,0.0183565,0.0183565
0.9619,0.0183334,0.0183334
0.96195,0.0183103,0.0183103
0.962,0.0182871,0.0182871
0.96205,0.018264,0.018264
0.9621,0.0182409,0.0182409
0.96215,0.0182177,0.0182177
0.9622,0.0181946,0.0181946
0.96225,0.0181714,0.0181714
0.9623,0.0181483,0.0181483
0.96235,0.0181251,0.0181251
0.9624,0.018102,0.018102
0.96245,0.0180788,0.0180788
0.9625,0.0180557,0.0180557
0.96255,0.0180325,0.0180325
0.9626,0.0180093,0.0180093
0.96265,0.0179862,0.0179862
0.9627,0.017963,0.017963
0.96275,0.0179398,0.0179398
0.9628,0.0179167,0.0179167
0.96285,0.0178935,0.0178935
0.9629,0.0178703,0.0178703
0.96295,0.0178471,0.0178471
0.963,0.0178239,0.0178239
0.96305,0.0178008,0.0178008
0.9631,0.0177776,0.0177776
0.96315,0.0177544,0.0177544
0.9632,0.0177312,0.0177312
0.96325,0.017708,0.017708
0.9633,0.0176848,0.0176848
0.96335,0.0176616,0.0176616
0.9634,0.0176384,0.0176384
0.96345,0.0176152,0.0176152
0.9635,0.017592,0.017592
0.96355,0.0175688,0.0175688
0.9636,0.0175456,0.0175456
0.96365,0.0175223,0.0175223
0.9637,0.0174991,0.0174991
0.96375,0.0174759,0.0174759
0.9638,0.0174527,0.0174527
0.96385,0.0174295,0.0174295
0.9639,0.0174062,0.0174062
0.96395,0.017383,0.017383
0.964,0.0173598,0.0173598
0.96405,0.0173365,0.0173365
0.9641,0.0173133,0.0173133
0.96415,0.0172901,0.0172901
0.9642,0.0172668,0.0172668
0.96425,0.0172436,0.0172436
0.9643,0.0172203,0.0172203
0.96435,0.0171971,0.0171971
0.9644,0.0171738,0.0171738
0.96445,0.0171506,0.0171506
0.9645,0.0171273,0.0171273
0.96455,0.0171041,0.0171041
0.9646,0.0170808,0.0170808
0.96465,0.0170575,0.0170576
0.9647,0.0170343,0.0170343
0.96475,0.017011,0.017011
0.9648,0.0169877,0.0169877
0.96485,0.0169645,0.0169645
0.9649,0.0169412,0.0169412
0.96495,0.0169179,0.0169179
0.965,0.0168946,0.0168946
0.96505,0.0168714,0.0168714
0.9651,0.0168481,0.0168481
0.96515,0.0168248,0.0168248
0.9652,0.0168015,0.0168015
0.96525,0.0167782,0.0167782
0.9653,0.0167549,0.0167549
0.96535,0.0167316,0.0167316
0.9654,0.0167083,0.0167083
0.96545,0.016685,0.016685
0.9655,0.0166617,0.0166617
0.96555,0.0166384,0.0166384
0.9656,0.0166151,0.0166151
0.96565,0.0165918,0.0165918
0.9657,0.0165685,0.0165685
0.96575,0.0165452,0.0165452
0.9658,0.0165218,0.0165218
0.96585,0.0164985,0.0164985
0.9659,0.0164752,0.0164752
0.96595,0.0164519,0.0164519
0.966,0.0164286,0.0164286
0.96605,0.0164052,0.0164052
0.9661,0.0163819,0.0163819
0.96615,0.0163586,0.0163586
0.9662,0.0163352,0.0163352
0.96625,0.0163119,0.0163119
0.9663,0.0162885,0.0162885
0.96635,0.0162652,0.0162652
0.9664,0.0162418,0.0162418
0.96645,0.0162185,0.0162185
0.9665,0.0161951,0.0161951
0.96655,0.0161718,0.0161718
0.9666,0.0161484,0.0161484
0.96665,0.0161251,0.0161251
0.9667,0.0161017,0.0161017
0.96675,0.0160783,0.0160783
0.9668,0.016055,0.016055
0.96685,0.0160316,0.0160316
0.9669,0.0160082,0.0160082
0.96695,0.0159849,0.0159849
0.967,0.0159615,0.0159615
0.96705,0.0159381,0.0159381
0.9671,0.0159147,0.0159147
0.96715,0.0158913,0.0158913
0.9672,0.015868,0.015868
0.96725,0.0158446,0.0158446
0.9673,0.0158212,0.0158212
0.96735,0.0157978,0.0157978
0.9674,0.0157744,0.0157744
0.96745,0.015751,0.015751
0.9675,0.0157276,0.0157276
0.96755,0.0157042,0.0157042
0.9676,0.0156808,0.0156808
0.96765,0.0156574,0.0156574
0.9677,0.015634,0.015634
0.96775,0.0156106,0.0156106
0.9678,0.0155871,0.0155871
0.96785,0.0155637,0.0155637
0.9679,0.0155403,0.0155403
0.96795,0.0155169,0.0155169
0.968,0.0154935,0.0154935
0.96805,0.01547,0.01547
0.9681,0.0154466,0.0154466
0.96815,0.0154232,0.0154232
0.9682,0.0153997,0.0153997
0.96825,0.0153763,0.0153763
0.9683,0.0153529,0.0153529
0.96835,0.0153294,0.0153294
0.9684,0.015306,0.015306
0.96845,0.0152825,0.0152825
0.9685,0.0152591,0.0152591
0.96855,0.0152356,0.0152356
0.9686,0.0152122,0.0152122
0.96865,0.0151887,0.0151887
0.9687,0.0151653,0.0151653
0.96875,0.0151418,0.0151418
0.9688,0.0151183,0.0151183
0.96885,0.0150949,0.0150949
0.9689,0.0150714,0.0150714
0.96895,0.0150479,0.0150479
0.969,0.0150245,0.0150245
0.96905,0.015001,0.015001
0.9691,0.0149775,0.0149775
0.96915,0.014954,0.014954
0.9692,0.0149305,0.0149305
0.96925,0.0149071,0.0149071
0.9693,0.0148836,0.0148836
0.96935,0.0148601,0.0148601
0.9694,0.0148366,0.0148366
0.96945,0.0148131,0.0148131
0.9695,0.0147896,0.0147896
0.96955,0.0147661,0.0147661
0.9696,0.0147426,0.0147426
0.96965,0.0147191,0.0147191
0.9697,0.0146956,0.0146956
0.96975,0.0146721,0.0146721
0.9698,0.0146486,0.0146486
0.96985,0.0146251,0.0146251
0.9699,0.0146015,0.0146015
0.96995,0.014578,0.014578
0.97,0.0145545,0.0145545
0.97005,0.014531,0.014531
0.9701,0.0145075,0.0145075
0.97015,0.0144839,0.0144839
0.9702,0.0144604,0.0144604
0.97025,0.0144369,0.0144369
0.9703,0.0144133,0.0144133
0.97035,0.0143898,0.0143898
0.9704,0.0143662,0.0143662
0.97045,0.0143427,0.0143427
0.9705,0.0143192,0.0143192
0.97055,0.0142956,0.0142956
0.9706,0.0142721,0.0142721
0.97065,0.0142485,0.0142485
0.9707,0.0142249,0.0142249
0.97075,0.0142014,0.0142014
0.9708,0.0141778,0.0141778
0.97085,0.0141543,0.0141543
0.9709,0.0141307,0.0141307
0.97095,0.0141071,0.0141071
0.971,0.0140836,0.0140836
0.97105,0.01406,0.01406
0.9711,0.0140364,0.0140364
0.97115,0.0140128,0.0140128
0.9712,0.0139893,0.0139893
0.97125,0.0139657,0.0139657
0.9713,0.0139421,0.0139421
0.97135,0.0139185,0.0139185
0.9714,0.0138949,0.0138949
0.97145,0.0138713,0.0138713
0.9715,0.0138477,0.0138477
0.97155,0.0138241,0.0138241
0.9716,0.0138005,0.0138005
0.97165,0.0137769,0.0137769
0.9717,0.0137533,0.0137533
0.97175,0.0137297,0.0137297
0.9718,0.0137061,0.0137061
0.97185,0.0136825,0.0136825
0.9719,0.0136589,0.0136589
0.97195,0.0136353,0.0136353
0.972,0.0136117,0.0136117
0.97205,0.013588,0.013588
0.9721,0.0135644,0.0135644
0.97215,0.0135408,0.0135408
0.9722,0.0135172,0.0135172
0.97225,0.0134935,0.0134935
0.9723,0.0134699,0.0134699
0.97235,0.0134463,0.0134463
0.9724,0.0134226,0.0134226
0.97245,0.013399,0.013399
0.9725,0.0133753,0.0133753
0.97255,0.0133517,0.0133517
0.9726,0.013328,0.013328
0.97265,0.0133044,0.0133044
0.9727,0.0132807,0.0132807
0.97275,0.0132571,0.0132571
0.9728,0.0132334,0.0132334
0.97285,0.0132098,0.0132098
0.9729,0.0131861,0.0131861
0.97295,0.0131624,0.0131624
0.973,0.0131388,0.0131388
0.97305,0.0131151,0.0131151
0.9731,0.0130914,0.0130914
0.97315,0.0130678,0.0130678
0.9732,0.0130441,0.0130441
0.97325,0.0130204,0.0130204
0.9733,0.0129967,0.0129967
0.97335,0.012973,0.012973
0.9734,0.0129494,0.0129494
0.97345,0.0129257,0.0129257
0.9735,0.012902,0.012902
0.97355,0.0128783,0.0128783
0.9736,0.0128546,0.0128546
0.97365,0.0128309,0.0128309
0.9737,0.0128072,0.0128072
0.97375,0.0127835,0.0127835
0.9738,0.0127598,0.0127598
0.97385,0.0127361,0.0127361
0.9739,0.0127124,0.0127124
0.97395,0.0126886,0.0126886
0.974,0.0126649,0.0126649
0.97405,0.0126412,0.0126412
0.9741,0.0126175,0.0126175
0.97415,0.0125938,0.0125938
0.9742,0.01257,0.01257
0.97425,0.0125463,0.0125463
0.9743,0.0125226,0.0125226
0.97435,0.0124989,0.0124989
0.9744,0.0124751,0.0124751
0.97445,0.0124514,0.0124514
0.9745,0.0124276,0.0124276
0.97455,0.0124039,0.0124039
0.9746,0.0123802,0.0123802
0.97465,0.0123564,0.0123564
0.9747,0.0123327,0.0123327
0.97475,0.0123089,0.0123089
0.9748,0.0122851,0.0122851
0.97485,0.0122614,0.0122614
0.9749,0.0122376,0.0122376
0.97495,0.0122139,0.0122139
0.975,0.0121901,0.0121901
0.97505,0.0121663,0.0121663
0.9751,0.0121426,0.0121426
0.97515,0.0121188,0.0121188
0.9752,0.012095,0.012095
0.97525,0.0120712,0.0120712
0.9753,0.0120475,0.0120475
0.97535,0.0120237,0.0120237
0.9754,0.0119999,0.0119999
0.97545,0.0119761,0.0119761
0.9755,0.0119523,0.0119523
0.97555,0.0119285,0.0119285
0.9756,0.0119047,0.0119047
0.97565,0.0118809,0.0118809
0.9757,0.0118571,0.0118571
0.97575,0.0118333,0.0118333
0.9758,0.0118095,0.0118095
0.97585,0.0117857,0.0117857
0.9759,0.0117619,0.0117619
0.97595,0.0117381,0.0117381
0.976,0.0117143,0.0117143
0.97605,0.0116905,0.0116905
0.9761,0.0116667,0.0116667
0.97615,0.0116428,0.0116428
0.9762,0.011619,0.011619
0.97625,0.0115952,0.0115952
0.9763,0.0115714,0.0115714
0.97635,0.0115475,0.0115475
0.9764,0.0115237,0.0115237
0.97645,0.0114999,0.0114999
0.9765,0.011476,0.011476
0.97655,0.0114522,0.0114522
0.9766,0.0114284,0.0114284
0.97665,0.0114045,0.0114045
0.9767,0.0113807,0.0113807
0.97675,0.0113568,0.0113568
0.9768,0.011333,0.011333
0.97685,0.0113091,0.0113091
0.9769,0.0112852,0.0112852
0.97695,0.0112614,0.0112614
0.977,0.0112375,0.0112375
0.97705,0.0112137,0.0112137
0.9771,0.0111898,0.0111898
0.97715,0.0111659,0.0111659
0.9772,0.0111421,0.0111421
0.97725,0.0111182,0.0111182
0.9773,0.0110943,0.0110943
0.97735,0.0110704,0.0110704
0.9774,0.0110465,0.0110465
0.97745,0.0110227,0.0110227
0.9775,0.0109988,0.0109988
0.97755,0.0109749,0.0109749
0.9776,0.010951,0.010951
0.97765,0.0109271,0.0109271
0.9777,0.0109032,0.0109032
0.97775,0.0108793,0.0108793
0.9778,0.0108554,0.0108554
0.97785,0.0108315,0.0108315
0.9779,0.0108076,0.0108076
0.97795,0.0107837,0.0107837
0.978,0.0107598,0.0107598
0.97805,0.0107359,0.0107359
0.9781,0.0107119,0.0107119
0.97815,0.010688,0.010688
0.9782,0.0106641,0.0106641
0.97825,0.0106402,0.0106402
0.9783,0.0106163,0.0106163
0.97835,0.0105923,0.0105923
0.9784,0.0105684,0.0105684
0.97845,0.0105445,0.0105445
0.9785,0.0105205,0.0105205
0.97855,0.0104966,0.0104966
0.9786,0.0104727,0.0104727
0.97865,0.0104487,0.0104487
0.9787,0.0104248,0.0104248
0.97875,0.0104008,0.0104008
0.9788,0.0103769,0.0103769
0.97885,0.0103529,0.0103529
0.9789,0.010329,0.010329
0.97895,0.010305,0.010305
0.979,0.010281,0.010281
0.97905,0.0102571,0.0102571
0.9791,0.0102331,0.0102331
0.97915,0.0102091,0.0102091
0.9792,0.0101852,0.0101852
0.97925,0.0101612,0.0101612
0.9793,0.0101372,0.0101372
0.97935,0.0101133,0.0101133
0.9794,0.0100893,0.0100893
0.97945,0.0100653,0.0100653
0.9795,0.0100413,0.0100413
0.97955,0.0100173,0.0100173
0.9796,0.00999333,0.00999333
0.97965,0.00996934,0.00996934
0.9797,0.00994535,0.00994535
0.97975,0.00992135,0.00992135
0.9798,0.00989735,0.00989735
0.97985,0.00987335,0.00987335
0.9799,0.00984935,0.00984935
0.97995,0.00982534,0.00982534
0.98,0.00980133,0.00980133
0.98005,0.00977732,0.00977732
0.9801,0.00975331,0.00975331
0.98015,0.00972929,0.00972929
0.9802,0.00970527,0.00970527
0.98025,0.00968125,0.00968125
0.9803,0.00965723,0.00965723
0.98035,0.0096332,0.0096332
0.9804,0.00960917,0.00960917
0.98045,0.00958514,0.00958514
0.9805,0.00956111,0.00956111
0.98055,0.00953707,0.00953708
0.9806,0.00951304,0.00951304
0.98065,0.009489,0.009489
0.9807,0.00946495,0.00946495
0.98075,0.00944091,0.00944091
0.9808,0.00941686,0.00941686
0.98085,0.00939281,0.00939281
0.9809,0.00936876,0.00936876
0.98095,0.0093447,0.0093447
0.981,0.00932064,0.00932064
0.98105,0.00929658,0.00929658
0.9811,0.00927252,0.00927252
0.98115,0.00924845,0.00924846
0.9812,0.00922439,0.00922439
0.98125,0.00920032,0.00920032
0.9813,0.00917624,0.00917624
0.98135,0.00915217,0.00915217
0.9814,0.00912809,0.00912809
0.98145,0.00910401,0.00910401
0.9815,0.00907993,0.00907993
0.98155,0.00905584,0.00905585
0.9816,0.00903176,0.00903176
0.98165,0.00900767,0.00900767
0.9817,0.00898358,0.00898358
0.98175,0.00895948,0.00895948
0.9818,0.00893538,0.00893538
0.98185,0.00891128,0.00891129
0.9819,0.00888718,0.00888718
0.98195,0.00886308,0.00886308
0.982,0.00883897,0.00883897
0.98205,0.00881486,0.00881486
0.9821,0.00879075,0.00879075
0.98215,0.00876664,0.00876664
0.9822,0.00874252,0.00874252
0.98225,0.0087184,0.0087184
0.9823,0.00869428,0.00869428
0.98235,0.00867015,0.00867016
0.9824,0.00864603,0.00864603
0.98245,0.0086219,0.0086219
0.9825,0.00859777,0.00859777
0.98255,0.00857363,0.00857363
0.9826,0.0085495,0.0085495
0.98265,0.00852536,0.00852536
0.9827,0.00850122,0.00850122
0.98275,0.00847707,0.00847707
0.9828,0.00845293,0.00845293
0.98285,0.00842878,0.00842878
0.9829,0.00840463,0.00840463
0.98295,0.00838047,0.00838047
0.983,0.00835632,0.00835632
0.98305,0.00833216,0.00833216
0.9831,0.008308,0.008308
0.98315,0.00828383,0.00828384
0.9832,0.00825967,0.00825967
0.98325,0.0082355,0.0082355
0.9833,0.00821133,0.00821133
0.98335,0.00818716,0.00818716
0.9834,0.00816298,0.00816298
0.98345,0.0081388,0.0081388
0.9835,0.00811462,0.00811462
0.98355,0.00809044,0.00809044
0.9836,0.00806626,0.00806626
0.98365,0.00804207,0.00804207
0.9837,0.00801788,0.00801788
0.98375,0.00799368,0.00799368
0.9838,0.00796949,0.00796949
0.98385,0.00794529,0.00794529
0.9839,0.00792109,0.00792109
0.98395,0.00789689,0.00789689
0.984,0.00787268,0.00787268
0.98405,0.00784847,0.00784848
0.9841,0.00782426,0.00782426
0.98415,0.00780005,0.00780005
0.9842,0.00777584,0.00777584
0.98425,0.00775162,0.00775162
0.9843,0.0077274,0.0077274
0.98435,0.00770318,0.00770318
0.9844,0.00767895,0.00767895
0.98445,0.00765472,0.00765473
0.9845,0.0076305,0.0076305
0.98455,0.00760626,0.00760626
0.9846,0.00758203,0.00758203
0.98465,0.00755779,0.00755779
0.9847,0.00753355,0.00753355
0.98475,0.00750931,0.00750931
0.9848,0.00748507,0.00748507
0.98485,0.00746082,0.00746082
0.9849,0.00743657,0.00743657
0.98495,0.00741232,0.00741232
0.985,0.00738806,0.00738806
0.98505,0.0073638,0.00736381
0.9851,0.00733955,0.00733955
0.98515,0.00731528,0.00731528
0.9852,0.00729102,0.00729102
0.98525,0.00726675,0.00726675
0.9853,0.00724248,0.00724248
0.98535,0.00721821,0.00721821
0.9854,0.00719394,0.00719394
0.98545,0.00716966,0.00716966
0.9855,0.00714538,0.00714538
0.98555,0.0071211,0.0071211
0.9856,0.00709682,0.00709682
0.98565,0.00707253,0.00707253
0.9857,0.00704824,0.00704824
0.98575,0.00702395,0.00702395
0.9858,0.00699966,0.00699966
0.98585,0.00697536,0.00697536
0.9859,0.00695106,0.00695106
0.98595,0.00692676,0.00692676
0.986,0.00690246,0.00690246
0.98605,0.00687815,0.00687815
0.9861,0.00685384,0.00685384
0.98615,0.00682953,0.00682953
0.9862,0.00680522,0.00680522
0.98625,0.0067809,0.0067809
0.9863,0.00675658,0.00675658
0.98635,0.00673226,0.00673226
0.9864,0.00670794,0.00670794
0.98645,0.00668361,0.00668361
0.9865,0.00665929,0.00665929
0.98655,0.00663495,0.00663495
0.9866,0.00661062,0.00661062
0.98665,0.00658628,0.00658629
0.9867,0.00656195,0.00656195
0.98675,0.00653761,0.00653761
0.9868,0.00651326,0.00651326
0.98685,0.00648892,0.00648892
0.9869,0.00646457,0.00646457
0.98695,0.00644022,0.00644022
0.987,0.00641587,0.00641587
0.98705,0.00639151,0.00639151
0.9871,0.00636715,0.00636715
0.98715,0.00634279,0.00634279
0.9872,0.00631843,0.00631843
0.98725,0.00629406,0.00629406
0.9873,0.0062697,0.0062697
0.98735,0.00624532,0.00624533
0.9874,0.00622095,0.00622095
0.98745,0.00619658,0.00619658
0.9875,0.0061722,0.0061722
0.98755,0.00614782,0.00614782
0.9876,0.00612344,0.00612344
0.98765,0.00609905,0.00609905
0.9877,0.00607467,0.00607467
0.98775,0.00605027,0.00605028
0.9878,0.00602588,0.00602588
0.98785,0.00600149,0.00600149
0.9879,0.00597709,0.00597709
0.98795,0.00595269,0.00595269
0.988,0.00592829,0.00592829
0.98805,0.00590388,0.00590388
0.9881,0.00587948,0.00587948
0.98815,0.00585506,0.00585507
0.9882,0.00583065,0.00583065
0.98825,0.00580624,0.00580624
0.9883,0.00578182,0.00578182
0.98835,0.0057574,0.0057574
0.9884,0.00573298,0.00573298
0.98845,0.00570855,0.00570856
0.9885,0.00568413,0.00568413
0.98855,0.0056597,0.0056597
0.9886,0.00563527,0.00563527
0.98865,0.00561083,0.00561083
0.9887,0.0055864,0.0055864
0.98875,0.00556195,0.00556196
0.9888,0.00553751,0.00553751
0.98885,0.00551307,0.00551307
0.9889,0.00548862,0.00548862
0.98895,0.00546417,0.00546417
0.989,0.00543972,0.00543972
0.98905,0.00541527,0.00541527
0.9891,0.00539081,0.00539081
0.98915,0.00536635,0.00536635
0.9892,0.00534189,0.00534189
0.98925,0.00531742,0.00531743
0.9893,0.00529296,0.00529296
0.98935,0.00526849,0.00526849
0.9894,0.00524402,0.00524402
0.98945,0.00521954,0.00521954
0.9895,0.00519507,0.00519507
0.98955,0.00517059,0.00517059
0.9896,0.00514611,0.00514611
0.98965,0.00512162,0.00512162
0.9897,0.00509714,0.00509714
0.98975,0.00507265,0.00507265
0.9898,0.00504816,0.00504816
0.98985,0.00502366,0.00502366
0.9899,0.00499917,0.00499917
0.98995,0.00497467,0.00497467
0.99,0.00495017,0.00495017
0.99005,0.00492566,0.00492566
0.9901,0.00490116,0.00490116
0.99015,0.00487665,0.00487665
0.9902,0.00485214,0.00485214
0.99025,0.00482762,0.00482762
0.9903,0.00480311,0.00480311
0.99035,0.00477859,0.00477859
0.9904,0.00475407,0.00475407
0.99045,0.00472954,0.00472954
0.9905,0.00470502,0.00470502
0.99055,0.00468049,0.00468049
0.9906,0.00465596,0.00465596
0.99065,0.00463142,0.00463142
0.9907,0.00460689,0.00460689
0.99075,0.00458235,0.00458235
0.9908,0.00455781,0.00455781
0.99085,0.00453327,0.00453327
0.9909,0.00450872,0.00450872
0.99095,0.00448417,0.00448417
0.991,0.00445962,0.00445962
0.99105,0.00443507,0.00443507
0.9911,0.00441051,0.00441051
0.99115,0.00438595,0.00438595
0.9912,0.00436139,0.00436139
0.99125,0.00433683,0.00433683
0.9913,0.00431226,0.00431226
0.99135,0.0042877,0.0042877
0.9914,0.00426313,0.00426313
0.99145,0.00423855,0.00423855
0.9915,0.00421398,0.00421398
0.99155,0.0041894,0.0041894
0.9916,0.00416482,0.00416482
0.99165,0.00414023,0.00414024
0.9917,0.00411565,0.00411565
0.99175,0.00409106,0.00409106
0.9918,0.00406647,0.00406647
0.99185,0.00404188,0.00404188
0.9919,0.00401728,0.00401728
0.99195,0.00399268,0.00399269
0.992,0.00396809,0.00396809
0.99205,0.00394348,0.00394348
0.9921,0.00391888,0.00391888
0.99215,0.00389427,0.00389427
0.9922,0.00386966,0.00386966
0.99225,0.00384505,0.00384505
0.9923,0.00382043,0.00382043
0.99235,0.00379581,0.00379581
0.9924,0.00377119,0.00377119
0.99245,0.00374657,0.00374657
0.9925,0.00372195,0.00372195
0.99255,0.00369732,0.00369732
0.9926,0.00367269,0.00367269
0.99265,0.00364805,0.00364805
0.9927,0.00362342,0.00362342
0.99275,0.00359878,0.00359878
0.9928,0.00357414,0.00357414
0.99285,0.0035495,0.0035495
0.9929,0.00352485,0.00352485
0.99295,0.00350021,0.00350021
0.993,0.00347556,0.00347556
0.99305,0.0034509,0.0034509
0.9931,0.00342625,0.00342625
0.99315,0.00340159,0.00340159
0.9932,0.00337693,0.00337693
0.99325,0.00335227,0.00335227
0.9933,0.00332761,0.00332761
0.99335,0.00330294,0.00330294
0.9934,0.00327827,0.00327827
0.99345,0.00325359,0.0032536
0.9935,0.00322892,0.00322892
0.99355,0.00320424,0.00320424
0.9936,0.00317956,0.00317956
0.99365,0.00315488,0.00315488
0.9937,0.0031302,0.0031302
0.99375,0.00310551,0.00310551
0.9938,0.00308082,0.00308082
0.99385,0.00305613,0.00305613
0.9939,0.00303143,0.00303143
0.99395,0.00300673,0.00300674
0.994,0.00298204,0.00298204
0.99405,0.00295733,0.00295733
0.9941,0.00293263,0.00293263
0.99415,0.00290792,0.00290792
0.9942,0.00288321,0.00288321
0.99425,0.0028585,0.0028585
0.9943,0.00283379,0.00283379
0.99435,0.00280907,0.00280907
0.9944,0.00278435,0.00278435
0.99445,0.00275963,0.00275963
0.9945,0.0027349,0.0027349
0.99455,0.00271017,0.00271018
0.9946,0.00268545,0.00268545
0.99465,0.00266071,0.00266071
0.9947,0.00263598,0.00263598
0.99475,0.00261124,0.00261124
0.9948,0.0025865,0.0025865
0.99485,0.00256176,0.00256176
0.9949,0.00253702,0.00253702
0.99495,0.00251227,0.00251227
0.995,0.00248752,0.00248752
0.99505,0.00246277,0.00246277
0.9951,0.00243801,0.00243801
0.99515,0.00241326,0.00241326
0.9952,0.0023885,0.0023885
0.99525,0.00236374,0.00236374
0.9953,0.00233897,0.00233897
0.99535,0.0023142,0.00231421
0.9954,0.00228944,0.00228944
0.99545,0.00226466,0.00226466
0.9955,0.00223989,0.00223989
0.99555,0.00221511,0.00221511
0.9956,0.00219033,0.00219033
0.99565,0.00216555,0.00216555
0.9957,0.00214077,0.00214077
0.99575,0.00211598,0.00211598
0.9958,0.00209119,0.00209119
0.99585,0.0020664,0.0020664
0.9959,0.00204161,0.00204161
0.99595,0.00201681,0.00201681
0.996,0.00199201,0.00199201
0.99605,0.00196721,0.00196721
0.9961,0.0019424,0.0019424
0.99615,0.0019176,0.0019176
0.9962,0.00189279,0.00189279
0.99625,0.00186798,0.00186798
0.9963,0.00184316,0.00184316
0.99635,0.00181835,0.00181835
0.9964,0.00179353,0.00179353
0.99645,0.0017687,0.00176871
0.9965,0.00174388,0.00174388
0.99655,0.00171905,0.00171906
0.9966,0.00169423,0.00169423
0.99665,0.00166939,0.0016694
0.9967,0.00164456,0.00164456
0.99675,0.00161972,0.00161972
0.9968,0.00159489,0.00159489
0.99685,0.00157004,0.00157004
0.9969,0.0015452,0.0015452
0.99695,0.00152035,0.00152035
0.997,0.0014955,0.0014955
0.99705,0.00147065,0.00147065
0.9971,0.0014458,0.0014458
0.99715,0.00142094,0.00142094
0.9972,0.00139608,0.00139608
0.99725,0.00137122,0.00137122
0.9973,0.00134636,0.00134636
0.99735,0.00132149,0.00132149
0.9974,0.00129662,0.00129662
0.99745,0.00127175,0.00127175
0.9975,0.00124688,0.00124688
0.99755,0.001222,0.001222
0.9976,0.00119712,0.00119712
0.99765,0.00117224,0.00117224
0.9977,0.00114736,0.00114736
0.99775,0.00112247,0.00112247
0.9978,0.00109758,0.00109758
0.99785,0.00107269,0.00107269
0.9979,0.0010478,0.0010478
0.99795,0.0010229,0.0010229
0.998,0.000998001,0.000998001
0.99805,0.000973099,0.0009731
0.9981,0.000948196,0.000948196
0.99815,0.000923289,0.00092329
0.9982,0.000898381,0.000898381
0.99825,0.000873468,0.00087347
0.9983,0.000848556,0.000848556
0.99835,0.000823638,0.000823639
0.9984,0.000798721,0.000798721
0.99845,0.000773798,0.000773799
0.9985,0.000748876,0.000748876
0.99855,0.000723948,0.000723949
0.9986,0.00069902,0.00069902
0.99865,0.000674088,0.000674089
0.9987,0.000649155,0.000649155
0.99875,0.000624218,0.000624219
0.9988,0.00059928,0.00059928
0.99885,0.000574338,0.000574339
0.9989,0.000549395,0.000549395
0.99895,0.000524448,0.000524449
0.999,0.0004995,0.0004995
0.99905,0.000474548,0.000474549
0.9991,0.000449595,0.000449595
0.99915,0.000424638,0.000424639
0.9992,0.00039968,0.00039968
0.99925,0.000374718,0.000374719
0.9993,0.000349755,0.000349755
0.99935,0.000324788,0.000324789
0.9994,0.00029982,0.00029982
0.99945,0.000274848,0.000274849
0.9995,0.000249875,0.000249875
0.99955,0.000224898,0.000224899
0.9996,0.00019992,0.00019992
0.99965,0.000174938,0.000174939
0.9997,0.000149955,0.000149955
0.99975,0.000124968,0.000124969
0.9998,9.998e-05,9.998e-05
0.99985,7.49875e-05,7.49888e-05
0.9999,4.9995e-05,4.9995e-05
0.99995,2.49975e-05,2.49988e-05
1,0,0
